circbase	hg19	hg38	chrom	chromStart	chromEnd	score	strand	thickStart	thickEnd	itemRGB	blockCount	blockSizes	blockStarts
hsa_circ_0000002	chr1:1158623-1159348|-	chr1:1223243-1223968|-	chr1	1158623	1159348	1000	-	1158623	1159348	0,0,255	2	114,137	0,588
hsa_circ_0009244	chr1:1158623-1164326|-	chr1:1223243-1228946|-	chr1	1158623	1164326	1000	-	1158623	1164173	0,0,255	3	114,137,479	0,588,5224
hsa_circ_0007120	chr1:2234416-2236024|+	chr1:2302977-2304585|+	chr1	2234416	2236024	1000	+	2234416	2236024	255,0,0	4	126,116,263,293	0,307,862,1315
hsa_circ_0007804	chr1:5987708-5993389|-	chr1:5927648-5933329|-	chr1	5987708	5993389	1000	-	5987708	5993389	0,0,255	2	139,183	0,5498
hsa_circ_0009117	chr1:8555122-8674745|-	chr1:8495062-8614686|-	chr1	8555122	8674745	1000	-	8555122	8674745	0,0,255	7	100,125,49,105,97,106,126	0,2342,13563,46150,61411,62354,119497
hsa_circ_0005039	chr1:8674619-8716500|-	chr1:8614560-8656441|-	chr1	8674619	8716500	1000	-	8674619	8716356	0,0,255	3	126,71,469	0,9749,41412
hsa_circ_0000014	chr1:9991948-9994918|-	chr1:9931890-9934860|-	chr1	9991948	9994918	1000	-	9991948	9994918	0,0,255	3	82,96,99	0,912,2871
hsa_circ_0009759	chr1:11130956-11137005|-	chr1:11070899-11076948|-	chr1	11130956	11137005	1000	-	11130956	11137005	0,0,255	5	74,85,75,96,107	0,1187,3034,3331,5942
hsa_circ_0004222	chr1:12460237-12476880|+	chr1:12400180-12416827|+	chr1	12460237	12476880	1000	+	12460237	12476880	255,0,0	5	150,97,149,135,168	0,1423,3640,14902,16475
hsa_circ_0010146	chr1:16632297-16641930|-	chr1:16305802-16315435|-	chr1	16632297	16641930	1000	-	16632297	16641913	0,0,255	2	117,267	0,9366
hsa_circ_0010218	chr1:17907047-18014242|+	chr1:17580552-17687747|+	chr1	17907047	18014242	1000	+	17907090	18014242	255,0,0	26	80,186,34,92,84,176,117,109,107,78,180,117,93,174,146,15,182,116,128,101,122,87,224,155,149,175	0,6907,7893,21574,22955,27249,32505,35541,38786,41311,42443,43834,45403,46777,51768,53995,54282,57335,58009,59649,68001,74083,75326,76001,83894,107020
hsa_circ_0007296	chr1:21071236-21076375|-	chr1:20744743-20749882|-	chr1	21071236	21076375	1000	-	21071289	21076375	0,0,255	4	348,114,112,160	0,799,2800,4979
hsa_circ_0000023	chr1:21076215-21100103|-	chr1:20749722-20773610|-	chr1	21076215	21100103	1000	-	21076215	21100103	0,0,255	6	160,91,155,81,144,160	0,7443,15654,17861,21207,23728
hsa_circ_0000024	chr1:21083658-21100103|-	chr1:20757165-20773610|-	chr1	21083658	21100103	1000	-	21083658	21100103	0,0,255	5	91,155,81,144,160	0,8211,10418,13764,16285
hsa_circ_0000025	chr1:21295966-21307720|-	chr1:20969473-20981227|-	chr1	21295966	21307720	1000	-	21295966	21307720	0,0,255	4	123,98,115,180	0,3528,10860,11574
hsa_circ_0002166	chr1:22074630-22078108|-	chr1:21748137-21751615|-	chr1	22074630	22078108	1000	-	22074630	22078108	0,0,255	2	134,109	0,3369
hsa_circ_0004085	chr1:23107913-23111569|+	chr1:22781420-22785076|+	chr1	23107913	23111569	1000	+	23107913	23111569	255,0,0	2	65,685	0,2971
hsa_circ_0006913	chr1:27087346-27089776|+	chr1:26760855-26763285|+	chr1	27087346	27089776	1000	+	27087346	27089776	255,0,0	4	241,90,168,313	0,528,1296,2117
hsa_circ_0008057	chr1:28362054-28374937|-	chr1:28035543-28048426|-	chr1	28362054	28374937	1000	-	28362054	28374937	0,0,255	4	137,67,80,44	0,3295,7027,12839
hsa_circ_0011137	chr1:28800065-28807116|+	chr1:28473553-28480604|+	chr1	28800065	28807116	1000	+	28800065	28807116	255,0,0	3	598,185,154	0,2553,6897
hsa_circ_0000043	chr1:31465236-31468067|-	chr1:30992389-30995220|-	chr1	31465236	31468067	1000	-	31465236	31468067	0,0,255	2	271,167	0,2664
hsa_circ_0000045	chr1:31532050-31532424|-	chr1:31059203-31059577|-	chr1	31532050	31532424	1000	-	31532050	31532413	0,0,255	1	374	0
hsa_circ_0007364	chr1:32381495-32385259|-	chr1:31915894-31919658|-	chr1	32381495	32385259	1000	-	32381495	32384666	0,0,255	2	93,689	0,3075
hsa_circ_0004289	chr1:32495898-32510991|+	chr1:32030297-32045390|+	chr1	32495898	32510991	1000	+	32495898	32508225	255,0,0	8	125,117,147,134,202,68,59,2864	0,1226,2890,6612,7537,8254,9217,12229
hsa_circ_0003238	chr1:32653554-32655850|+	chr1:32187953-32190249|+	chr1	32653554	32655850	1000	+	32653554	32655850	255,0,0	2	171,195	0,2101
hsa_circ_0000048	chr1:33413822-33415375|-	chr1:32948221-32949774|-	chr1	33413822	33415375	1000	-	33413822	33415375	0,0,255	2	145,206	0,1347
hsa_circ_0011536	chr1:35824525-35827390|+	chr1:35358924-35361789|+	chr1	35824525	35827390	1000	+	35824525	35827390	255,0,0	3	522,62,171	0,2269,2694
hsa_circ_0011821	chr1:39816456-39824936|+	chr1:39350784-39359264|+	chr1	39816456	39824936	1000	+	39816456	39824936	255,0,0	5	234,225,519,177,124	0,2222,6590,7912,8356
hsa_circ_0000057	chr1:40319641-40323089|-	chr1:39853969-39857417|-	chr1	40319641	40323089	1000	-	40319641	40323089	0,0,255	2	97,143	0,3305
hsa_circ_0011950	chr1:42041214-42050989|-	chr1:41575543-41585318|-	chr1	42041214	42050989	1000	-	42041214	42050468	0,0,255	2	146,5582	0,4193
hsa_circ_0012144	chr1:44773981-44785416|-	chr1:44308309-44319744|-	chr1	44773981	44785416	1000	-	44773981	44785416	0,0,255	3	92,60,117	0,4859,11318
hsa_circ_0012397	chr1:51001040-51061888|-	chr1:50535368-50596216|-	chr1	51001040	51061888	1000	-	51001040	51061888	0,0,255	7	89,137,155,82,64,127,96	0,4223,31708,47249,48283,49316,60752
hsa_circ_0012593	chr1:53736699-53737018|-	chr1:53271027-53271346|-	chr1	53736699	53737018	1000	-	53736699	53737018	0,0,255	2	126,120	0,199
hsa_circ_0000072	chr1:58971731-59002413|-	chr1:58506059-58536741|-	chr1	58971731	59002413	1000	-	58971731	59002413	0,0,255	6	150,75,129,108,174,229	0,21201,24541,27893,28098,30453
hsa_circ_0002316	chr1:58971731-59004982|-	chr1:58506059-58539310|-	chr1	58971731	59004982	1000	-	58971731	59004966	0,0,255	7	150,75,129,108,174,229,516	0,21201,24541,27893,28098,30453,32735
hsa_circ_0012814	chr1:63042932-63091072|-	chr1:62577261-62625401|-	chr1	63042932	63091072	1000	-	63042932	63091072	0,0,255	7	102,139,71,118,163,94,143	0,1566,5922,9245,41444,42638,47997
hsa_circ_0002454	chr1:65830317-65831879|+	chr1:65364634-65366196|+	chr1	65830317	65831879	1000	+	65830317	65831879	255,0,0	3	151,50,149	0,1250,1413
hsa_circ_0003513	chr1:94360169-94367225|-	chr1:93894613-93901669|-	chr1	94360169	94367225	1000	-	94360169	94367225	0,0,255	4	115,203,60,85	0,2004,3225,6971
hsa_circ_0003310	chr1:94685813-94697199|-	chr1:94220257-94231643|-	chr1	94685813	94697199	1000	-	94685813	94697167	0,0,255	2	135,237	0,11149
hsa_circ_0000095	chr1:95609446-95616975|+	chr1:95143890-95151419|+	chr1	95609446	95616975	1000	+	95609446	95616975	255,0,0	4	166,90,59,95	0,4811,6317,7434
hsa_circ_0000098	chr1:101372407-101387397|+	chr1:100906851-100921841|+	chr1	101372407	101387397	1000	+	101372407	101387397	255,0,0	6	114,88,127,144,51,136	0,4211,5260,6811,11225,14854
hsa_circ_0000108	chr1:113143415-113153625|-	chr1:112600793-112611003|-	chr1	113143415	113153625	1000	-	113143415	113153625	0,0,255	2	55,163	0,10047
hsa_circ_0000109	chr1:113196219-113202401|+	chr1:112653597-112659779|+	chr1	113196219	113202401	1000	+	113196219	113202401	255,0,0	4	64,207,80,79	0,867,5424,6103
hsa_circ_0004220	chr1:146724277-146731572|+	chr1:147252622-147259918|+	chr1	146724277	146731572	1000	+	146724277	146731572	255,0,0	5	113,107,115,32,82	0,2247,3190,3907,7213
hsa_circ_0002394	chr1:151630710-151641111|+	chr1:151658234-151668635|+	chr1	151630710	151641111	1000	+	151630710	151641111	255,0,0	5	193,65,105,79,164	0,2563,3931,7698,10237
hsa_circ_0014586	chr1:155385534-155429689|-	chr1:155415743-155459898|-	chr1	155385534	155429689	1000	-	155385534	155429689	0,0,255	3	180,742,102	0,22583,44053
hsa_circ_0014590	chr1:155447676-155452240|-	chr1:155477885-155482449|-	chr1	155447676	155452240	1000	-	155447676	155452240	0,0,255	1	4564	0
hsa_circ_0014592	chr1:155490890-155491409|-	chr1:155521099-155521618|-	chr1	155490890	155491409	1000	-	155490890	155491310	0,0,255	1	519	0
hsa_circ_0014611	chr1:155686796-155695810|+	chr1:155717005-155726019|+	chr1	155686796	155695810	1000	+	155686796	155695810	255,0,0	4	123,102,109,93	0,4511,8376,8921
hsa_circ_0009109	chr1:167935866-167944253|+	chr1:167966628-167975015|+	chr1	167935866	167944253	1000	+	167935866	167944253	255,0,0	2	93,186	0,8201
hsa_circ_0009175	chr1:180366650-180382606|-	chr1:180397515-180413471|-	chr1	180366650	180382606	1000	-	180366650	180382606	0,0,255	2	90,106	0,15850
hsa_circ_0000175	chr1:205585605-205593019|-	chr1:205616477-205623891|-	chr1	205585605	205593019	1000	-	205585605	205593019	0,0,255	2	4361,216	0,7198
hsa_circ_0002274	chr1:211952259-211966532|-	chr1:211778917-211793190|-	chr1	211952259	211966532	1000	-	211952259	211966532	0,0,255	4	127,274,96,119	0,4311,8714,14154
hsa_circ_0007015	chr1:214625147-214638300|-	chr1:214451804-214464957|-	chr1	214625147	214638300	1000	-	214625147	214638146	0,0,255	2	170,328	0,12825
hsa_circ_0001978	chr1:224142178-224149975|-	chr1:223954476-223962273|-	chr1	224142178	224149975	1000	-	224149975	224149975	0,0,255	1	7797	0
hsa_circ_0016601	chr1:225140371-225195246|+	chr1:224952669-225007544|+	chr1	225140371	225195246	1000	+	225140404	225195246	255,0,0	9	110,140,150,131,153,116,63,145,132	0,2289,7483,11809,14761,16089,21421,50113,54743
hsa_circ_0003659	chr1:227327276-227335260|-	chr1:227139575-227147559|-	chr1	227327276	227335260	1000	-	227327276	227335260	0,0,255	4	167,80,249,201	0,3369,5913,7783
hsa_circ_0002343	chr1:235643369-235658138|-	chr1:235480053-235494828|-	chr1	235643369	235658138	1000	-	235643369	235658138	0,0,255	4	96,194,101,148	0,4268,9103,14621
hsa_circ_0004061	chr1:240421244-240519208|+	chr1:240257944-240355908|+	chr1	240421244	240519208	1000	+	240421244	240519208	255,0,0	8	88,62,92,130,147,60,121,93	0,36877,71131,71394,72658,75942,76164,97871
hsa_circ_0017241	chr1:243579003-243589860|+	chr1:243415701-243426558|+	chr1	243579003	243589860	1000	+	243579003	243589860	255,0,0	3	128,109,132	0,2266,10725
hsa_circ_0017306	chr1:246490502-246498776|-	chr1:246327200-246335474|-	chr1	246490502	246498776	1000	-	246490502	246498776	0,0,255	3	137,58,108	0,3279,8166
hsa_circ_0005772	chr10:909682-931700|-	chr10:863742-885760|-	chr10	909682	931700	1000	-	909682	931661	0,0,255	4	141,148,60,120	0,380,20704,21898
hsa_circ_0000211	chr10:7318853-7327916|-	chr10:7276891-7285954|-	chr10	7318853	7327916	1000	-	7318853	7327916	0,0,255	3	98,247,89	0,7012,8974
hsa_circ_0000213	chr10:12039670-12056183|-	chr10:11997671-12014184|-	chr10	12039670	12056183	1000	-	12039670	12056183	0,0,255	5	86,104,150,198,161	0,2234,4004,6858,16352
hsa_circ_0004630	chr10:12123470-12136270|+	chr10:12081471-12094271|+	chr10	12123470	12136270	1000	+	12123470	12136270	255,0,0	6	156,212,195,270,172,199	0,3068,6063,7514,10041,12601
hsa_circ_0007242	chr10:13169744-13178897|+	chr10:13127744-13136897|+	chr10	13169744	13178897	1000	+	13169744	13178866	255,0,0	4	159,131,80,153	0,4322,5757,9000
hsa_circ_0004373	chr10:13705452-13717044|-	chr10:13663452-13675044|-	chr10	13705452	13717044	1000	-	13705452	13717044	0,0,255	4	57,229,123,134	0,2644,6953,11458
hsa_circ_0000219	chr10:15858833-15889942|-	chr10:15816834-15847943|-	chr10	15858833	15889942	1000	-	15858833	15889942	0,0,255	9	81,71,80,74,115,52,174,61,80	0,4821,16795,17708,20369,21393,24591,26377,31029
hsa_circ_0017852	chr10:15879202-15889942|-	chr10:15837203-15847943|-	chr10	15879202	15889942	1000	-	15879202	15889942	0,0,255	5	115,52,174,61,80	0,1024,4222,6008,10660
hsa_circ_0018168	chr10:34558584-34573173|-	chr10:34269656-34284245|-	chr10	34558584	34573173	1000	-	34558584	34573173	0,0,255	2	243,111	0,14478
hsa_circ_0018170	chr10:34558584-34637043|-	chr10:34269656-34348115|-	chr10	34558584	34637043	1000	-	34558584	34637043	0,0,255	8	243,111,232,228,45,152,190,160	0,14478,47450,61460,66542,67618,71970,78299
hsa_circ_0004915	chr10:51632845-51656468|+	chr10:45939360-45962994|-	chr10	51632845	51656468	1000	+	51656468	51656468	255,0,0	1	23623	0
hsa_circ_0003259	chr10:69773782-69804320|-	chr10:68014025-68044563|-	chr10	69773782	69804320	1000	-	69773782	69804320	0,0,255	6	161,131,92,222,77,160	0,11520,18752,19939,24067,30378
hsa_circ_0006151	chr10:70227879-70229920|-	chr10:68468122-68470163|-	chr10	70227879	70229920	1000	-	70227879	70229920	0,0,255	2	184,183	0,1858
hsa_circ_0000240	chr10:70513608-70532856|+	chr10:68753851-68773099|+	chr10	70513608	70532856	1000	+	70513608	70532856	255,0,0	9	226,114,167,211,84,186,192,240,112	0,862,1518,2421,3442,7155,12036,17354,19136
hsa_circ_0002681	chr10:70547683-70548085|+	chr10:68787926-68788328|+	chr10	70547683	70548085	1000	+	70547683	70548085	255,0,0	2	121,186	0,216
hsa_circ_0004606	chr10:72462067-72468534|+	chr10:70702311-70708778|+	chr10	72462067	72468534	1000	+	72462067	72468534	255,0,0	2	157,191	0,6276
hsa_circ_0007221	chr10:75331178-75336119|-	chr10:73571420-73576361|-	chr10	75331178	75336119	1000	-	75331178	75335416	0,0,255	2	93,850	0,4091
hsa_circ_0019006	chr10:88211723-88233730|-	chr10:86451966-86473973|-	chr10	88211723	88233730	1000	-	88211723	88233730	0,0,255	11	165,116,176,77,98,112,228,112,137,153,96	0,1253,1689,7022,8432,9209,15312,19025,20241,20645,21911
hsa_circ_0007168	chr10:93185037-93221941|+	chr10:91425280-91462184|+	chr10	93185037	93221941	1000	+	93185037	93221941	255,0,0	4	130,139,103,90	0,35146,35973,36814
hsa_circ_0004224	chr10:93841076-93851701|-	chr10:92081319-92091944|-	chr10	93841076	93851701	1000	-	93841076	93851701	0,0,255	2	182,115	0,10510
hsa_circ_0005801	chr10:98303832-98325183|-	chr10:96544075-96565426|-	chr10	98303832	98325183	1000	-	98303832	98325183	0,0,255	7	131,95,167,132,78,161,123	0,3819,7169,8852,15583,17902,21228
hsa_circ_0004896	chr10:99196947-99197507|-	chr10:97437190-97437750|-	chr10	99196947	99197507	1000	-	99196947	99197507	0,0,255	2	85,51	0,509
hsa_circ_0004117	chr10:103699619-103717489|-	chr10:101939862-101957732|-	chr10	103699619	103717489	1000	-	103699619	103717489	0,0,255	3	76,127,83	0,16734,17787
hsa_circ_0000257	chr10:103916775-103917971|+	chr10:102157018-102158214|+	chr10	103916775	103917971	1000	+	103916775	103917971	255,0,0	4	56,140,125,166	0,170,412,1030
hsa_circ_0020022	chr10:112352830-112358048|+	chr10:110593072-110598290|+	chr10	112352830	112358048	1000	+	112352830	112358048	255,0,0	3	151,153,152	0,3325,5066
hsa_circ_0020203	chr10:121685547-121693299|+	chr10:119926035-119933787|+	chr10	121685547	121693299	1000	+	121685547	121693279	255,0,0	6	192,156,103,186,163,102	0,3571,4293,6097,6969,7650
hsa_circ_0020220	chr10:122618154-122650399|+	chr10:120858642-120890887|+	chr10	122618154	122650399	1000	+	122618154	122650399	255,0,0	17	154,174,187,166,115,196,104,177,85,107,76,109,125,148,107,115,172	0,1466,4092,6404,6987,7926,8423,12527,15196,19710,22183,25137,27171,28046,30435,31252,32073
hsa_circ_0000268	chr10:126631025-126631876|+	chr10:124942456-124943307|+	chr10	126631025	126631876	1000	+	126631025	126631876	255,0,0	1	851	0
hsa_circ_0004451	chr10:126631025-126650977|+	chr10:124942456-124962408|+	chr10	126631025	126650977	1000	+	126631062	126631876	255,0,0	1	19952	0
hsa_circ_0005418	chr10:126727565-126799662|-	chr10:125038996-125111093|-	chr10	126727565	126799662	1000	-	126727565	126727623	0,0,255	2	159,104	0,71993
hsa_circ_0002669	chr10:128768965-128798571|+	chr10:126970701-127000307|+	chr10	128768965	128798571	1000	+	128768965	128798571	255,0,0	9	84,41,56,97,149,136,158,82,136	0,7246,11216,16819,19753,26046,27390,28652,29470
hsa_circ_0020384	chr10:128768965-128810638|+	chr10:126970701-127012374|+	chr10	128768965	128810638	1000	+	128768965	128810638	255,0,0	11	84,41,56,97,149,136,158,82,136,73,80	0,7246,11216,16819,19753,26046,27390,28652,29470,38030,41593
hsa_circ_0020396	chr10:128768965-128908618|+	chr10:126970701-127110354|+	chr10	128768965	128908618	1000	+	128768965	128908618	255,0,0	24	84,41,56,97,149,136,158,82,136,73,80,126,125,99,73,104,184,98,90,101,135,109,71,107	0,7246,11216,16819,19753,26046,27390,28652,29470,38030,41593,48008,52498,53983,55650,60948,61435,67017,71923,72362,81979,90966,135529,139546
hsa_circ_0020397	chr10:128768965-128926028|+	chr10:126970701-127127764|+	chr10	128768965	128926028	1000	+	128768965	128926028	255,0,0	26	84,41,56,97,149,136,158,82,136,73,80,126,125,99,73,104,184,98,90,101,135,109,71,107,128,96	0,7246,11216,16819,19753,26046,27390,28652,29470,38030,41593,48008,52498,53983,55650,60948,61435,67017,71923,72362,81979,90966,135529,139546,154772,156967
hsa_circ_0005972	chr10:133784141-133787447|-	chr10:131970637-131973943|-	chr10	133784141	133787447	1000	-	133784141	133787447	0,0,255	4	150,107,85,151	0,226,2396,3155
hsa_circ_0008338	chr11:6962801-6977013|+	chr11:6941570-6955782|+	chr11	6962801	6977013	1000	+	6962801	6977013	255,0,0	4	83,133,96,93	0,1512,1975,14119
hsa_circ_0021148	chr11:9199678-9229179|-	chr11:9178131-9207632|-	chr11	9199678	9229179	1000	-	9199678	9229179	0,0,255	7	235,216,318,188,658,110,72	0,726,2635,15362,25528,28541,29429
hsa_circ_0004099	chr11:9225206-9229179|-	chr11:9203659-9207632|-	chr11	9225206	9229179	1000	-	9225206	9229179	0,0,255	3	658,110,72	0,3013,3901
hsa_circ_0007484	chr11:18305341-18307006|-	chr11:18283794-18285459|-	chr11	18305341	18307006	1000	-	18305341	18307006	0,0,255	2	107,114	0,1551
hsa_circ_0000280	chr11:18312988-18314523|-	chr11:18291441-18292976|-	chr11	18312988	18314523	1000	-	18312988	18314523	0,0,255	2	578,78	0,1457
hsa_circ_0021574	chr11:32953288-32956981|+	chr11:32931742-32935435|+	chr11	32953288	32956981	1000	+	32953288	32956981	255,0,0	1	3693	0
hsa_circ_0009018	chr11:44129232-44135851|+	chr11:44107682-44114301|+	chr11	44129232	44135851	1000	+	44129262	44135851	255,0,0	3	566,90,117	0,1511,6502
hsa_circ_0008355	chr11:44129232-44193292|+	chr11:44107682-44171742|+	chr11	44129232	44193292	1000	+	44129262	44193292	255,0,0	8	566,90,117,196,140,94,93,69	0,1511,6502,17106,19133,22362,36564,63991
hsa_circ_0000295	chr11:45883610-45893784|+	chr11:45862059-45872233|+	chr11	45883610	45893784	1000	+	45883610	45893782	255,0,0	7	89,141,312,152,203,93,142	0,5552,7446,7993,8270,8782,10032
hsa_circ_0007061	chr11:46515157-46534363|-	chr11:46493607-46512813|-	chr11	46515157	46534363	1000	-	46515157	46534363	0,0,255	4	101,81,180,87	0,516,14583,19119
hsa_circ_0008415	chr11:46515157-46570050|-	chr11:46493607-46548500|-	chr11	46515157	46570050	1000	-	46515157	46569930	0,0,255	11	101,81,180,87,1037,147,67,173,184,59,255	0,516,14583,19119,48337,49644,50367,51996,53505,54209,54638
hsa_circ_0021929	chr11:46837748-46842819|-	chr11:46816197-46821268|-	chr11	46837748	46842819	1000	-	46837748	46842782	0,0,255	3	207,194,94	0,2112,4977
hsa_circ_0022201	chr11:59410352-59415386|-	chr11:59642879-59647913|-	chr11	59410352	59415386	1000	-	59410352	59415386	0,0,255	2	156,160	0,4874
hsa_circ_0004162	chr11:59426338-59426942|-	chr11:59658865-59659469|-	chr11	59426338	59426942	1000	-	59426338	59426942	0,0,255	2	81,218	0,386
hsa_circ_0022601	chr11:63426232-63426724|-	chr11:63658760-63659252|-	chr11	63426232	63426724	1000	-	63426232	63426724	0,0,255	2	144,215	0,277
hsa_circ_0005918	chr11:72695132-72700142|-	chr11:72984087-72989097|-	chr11	72695132	72700142	1000	-	72695132	72700142	0,0,255	3	129,55,134	0,974,4876
hsa_circ_0004596	chr11:73418464-73429935|-	chr11:73707419-73718890|-	chr11	73418464	73429935	1000	-	73418464	73429935	0,0,255	3	94,112,106	0,8831,11365
hsa_circ_0001981	chr11:73789159-73789762|-	chr11:74078114-74078717|-	chr11	73789159	73789762	1000	-	73789159	73789762	0,0,255	1	603	0
hsa_circ_0007458	chr11:76174864-76183884|+	chr11:76463820-76472840|+	chr11	76174864	76183884	1000	+	76174864	76183884	255,0,0	2	260,277	0,8743
hsa_circ_0006629	chr11:85685750-85695016|-	chr11:85974707-85983973|-	chr11	85685750	85695016	1000	-	85685750	85695016	0,0,255	7	105,60,24,100,31,132,108	0,1915,3362,6421,7037,7164,9158
hsa_circ_0000347	chr11:85722072-85742653|-	chr11:86011029-86031611|-	chr11	85722072	85742653	1000	-	85722072	85742653	0,0,255	6	107,112,94,103,76,143	0,1251,3840,11337,15261,20438
hsa_circ_0024843	chr11:128963515-129034322|-	chr11:129093620-129164427|-	chr11	128963515	129034322	1000	-	128963515	129034322	0,0,255	4	87,85,92,109	0,29825,31182,70698
hsa_circ_0000371	chr11:128993340-128994789|-	chr11:129123445-129124894|-	chr11	128993340	128994789	1000	-	128993340	128994789	0,0,255	2	85,92	0,1357
hsa_circ_0024946	chr12:459786-465703|-	chr12:350620-356537|-	chr12	459786	465703	1000	-	459786	465703	0,0,255	5	159,120,159,92,106	0,1584,3455,4537,5811
hsa_circ_0025349	chr12:7556130-7586290|-	chr12:7403534-7433694|-	chr12	7556130	7586290	1000	-	7556130	7586290	0,0,255	4	321,321,321,321	0,2997,28881,29839
hsa_circ_0025641	chr12:26217430-26220646|+	chr12:26064497-26067713|+	chr12	26217430	26220646	1000	+	26217430	26220646	255,0,0	2	890,145	0,3071
hsa_circ_0007478	chr12:27143382-27152609|-	chr12:26990449-26999676|-	chr12	27143382	27152609	1000	-	27143382	27152609	0,0,255	4	178,172,121,151	0,4787,6292,9076
hsa_circ_0001964	chr12:27521194-27533337|+	chr12:27368261-27380404|+	chr12	27521194	27533337	1000	+	27521194	27533337	255,0,0	4	151,102,42,158	0,1867,8084,11985
hsa_circ_0025722	chr12:27521194-27556474|+	chr12:27368261-27403541|+	chr12	27521194	27556474	1000	+	27521194	27556474	255,0,0	13	151,102,42,158,80,93,118,144,241,107,151,59,109	0,1867,8084,11985,17219,18966,20917,21834,32272,32995,33262,34357,35171
hsa_circ_0003770	chr12:49333437-49334971|-	chr12:48939654-48941188|-	chr12	49333437	49334971	1000	-	49333437	49334878	0,0,255	3	125,111,241	0,342,1293
hsa_circ_0027118	chr12:57492287-57493873|-	chr12:57098504-57100090|-	chr12	57492287	57493873	1000	-	57492287	57493873	0,0,255	6	93,111,64,147,137,95	0,287,510,789,1262,1491
hsa_circ_0000417	chr12:69644908-69656342|+	chr12:69251128-69262562|+	chr12	69644908	69656342	1000	+	69644908	69656339	255,0,0	8	210,104,146,174,505,116,154,190	0,1922,5568,6603,7461,8299,8915,11244
hsa_circ_0000419	chr12:70193988-70195501|+	chr12:69800208-69801721|+	chr12	70193988	70195501	1000	+	70193988	70195501	255,0,0	2	129,113	0,1400
hsa_circ_0027545	chr12:70671911-70713144|+	chr12:70278131-70319364|+	chr12	70671911	70713144	1000	+	70713144	70713144	255,0,0	4	143,224,123,67	0,15939,32763,41166
hsa_circ_0006910	chr12:72051305-72054207|-	chr12:71657525-71660427|-	chr12	72051305	72054207	1000	-	72054207	72054207	0,0,255	1	2902	0
hsa_circ_0003012	chr12:105303432-105322472|-	chr12:104909654-104928694|-	chr12	105303432	105322472	1000	-	105303432	105322305	0,0,255	2	108,722	0,18318
hsa_circ_0006260	chr12:105321750-105322472|-	chr12:104927972-104928694|-	chr12	105321750	105322472	1000	-	105321750	105322305	0,0,255	1	722	0
hsa_circ_0004516	chr12:110922882-110925748|+	chr12:110485077-110487943|+	chr12	110922882	110925748	1000	+	110922882	110925748	255,0,0	4	122,130,184,83	0,1247,1456,2783
hsa_circ_0002457	chr12:111990083-111993723|-	chr12:111552279-111555919|-	chr12	111990083	111993723	1000	-	111990083	111993723	0,0,255	4	151,72,60,37	0,626,1878,3603
hsa_circ_0000441	chr12:116534473-116549317|-	chr12:116096668-116111512|-	chr12	116534473	116549317	1000	-	116534473	116549317	0,0,255	2	84,85	0,14759
hsa_circ_0005465	chr12:122861935-122865105|-	chr12:122377388-122380558|-	chr12	122861935	122865105	1000	-	122861935	122864999	0,0,255	2	572,191	0,2979
hsa_circ_0029308	chr12:124904502-124915333|-	chr12:124419956-124430787|-	chr12	124904502	124915333	1000	-	124904502	124915333	0,0,255	5	99,55,179,94,173	0,2544,6665,9656,10658
hsa_circ_0029309	chr12:124904502-124922542|-	chr12:124419956-124437996|-	chr12	124904502	124922542	1000	-	124904502	124922542	0,0,255	6	99,55,179,94,173,67	0,2544,6665,9656,10658,17973
hsa_circ_0006689	chr12:129293332-129299615|-	chr12:128808787-128815070|-	chr12	129293332	129299615	1000	-	129293332	129299615	0,0,255	4	169,78,169,296	0,608,1155,5987
hsa_circ_0005966	chr13:20576989-20580726|+	chr13:20002849-20006586|+	chr13	20576989	20580726	1000	+	20576989	20580726	255,0,0	3	286,166,213	0,2224,3524
hsa_circ_0029633	chr13:20625572-20641530|+	chr13:20051432-20067390|+	chr13	20625572	20641530	1000	+	20625572	20641530	255,0,0	9	166,35,130,116,172,126,95,169,152	0,844,7142,8014,9620,11413,13018,15418,15806
hsa_circ_0029693	chr13:21619823-21620369|-	chr13:21045684-21046230|-	chr13	21619823	21620369	1000	-	21619823	21620165	0,0,255	1	546	0
hsa_circ_0000467	chr13:21742126-21742538|-	chr13:21167987-21168399|-	chr13	21742126	21742538	1000	-	21742126	21742538	0,0,255	1	412	0
hsa_circ_0029775	chr13:25478063-25487229|-	chr13:24903925-24913091|-	chr13	25478063	25487229	1000	-	25478063	25487163	0,0,255	7	133,1615,103,109,297,124,510	0,1420,3165,4092,5864,8020,8656
hsa_circ_0006290	chr13:30104674-30110339|-	chr13:29530537-29536202|-	chr13	30104674	30110339	1000	-	30104674	30110325	0,0,255	3	175,159,384	0,2286,5281
hsa_circ_0003587	chr13:30801548-30815223|-	chr13:30227411-30241086|-	chr13	30801548	30815223	1000	-	30801548	30815223	0,0,255	5	135,127,159,106,128	0,3056,3902,13048,13547
hsa_circ_0008068	chr13:30801548-30857928|-	chr13:30227411-30283791|-	chr13	30801548	30857928	1000	-	30801548	30857914	0,0,255	8	135,127,159,106,128,169,161,176	0,3056,3902,13048,13547,28035,52651,56204
hsa_circ_0000471	chr13:33091993-33101669|-	chr13:32517856-32527532|-	chr13	33091993	33101669	1000	-	33091993	33101669	0,0,255	4	147,77,89,75	0,3516,4325,9601
hsa_circ_0000475	chr13:37614541-37625720|-	chr13:37040404-37051583|-	chr13	37614541	37625720	1000	-	37614541	37625627	0,0,255	8	54,117,104,130,67,59,36,96	0,171,3673,4842,7130,7473,8159,11083
hsa_circ_0030069	chr13:41892941-41910892|+	chr13:41318805-41336756|+	chr13	41892941	41910892	1000	+	41892941	41910892	255,0,0	7	105,158,135,154,120,96,107	0,1861,4250,6892,9918,12468,17844
hsa_circ_0004711	chr13:42385360-42393522|-	chr13:41811224-41819386|-	chr13	42385360	42393522	1000	-	42385360	42393522	0,0,255	3	116,78,169	0,5473,7993
hsa_circ_0005263	chr13:49771012-49772710|+	chr13:49196876-49198574|+	chr13	49771012	49772710	1000	+	49771012	49772710	255,0,0	4	114,150,284,213	0,848,1105,1485
hsa_circ_0004878	chr13:60348322-60385057|-	chr13:59774188-59810923|-	chr13	60348322	60385057	1000	-	60348322	60385057	0,0,255	3	60,96,136	0,539,36599
hsa_circ_0000494	chr13:76134888-76143643|+	chr13:75560752-75569507|+	chr13	76134888	76143643	1000	+	76134888	76143643	255,0,0	4	129,157,86,48	0,5942,6474,8707
hsa_circ_0004217	chr13:77791974-77818086|-	chr13:77217839-77243951|-	chr13	77791974	77818086	1000	-	77791974	77818086	0,0,255	6	118,82,120,108,102,146	0,6611,7595,15316,25219,25966
hsa_circ_0008463	chr13:95686858-95715113|-	chr13:95034604-95062859|-	chr13	95686858	95715113	1000	-	95686858	95715113	0,0,255	5	135,106,173,90,156	0,9077,9661,18490,28099
hsa_circ_0030582	chr13:95768175-95840796|-	chr13:95115921-95188542|-	chr13	95768175	95840796	1000	-	95768175	95840796	0,0,255	11	80,147,95,38,141,210,97,87,95,192,90	0,45267,47200,47688,48456,50236,54610,61785,62075,70779,72531
hsa_circ_0006871	chr13:95829960-95840796|-	chr13:95177706-95188542|-	chr13	95829960	95840796	1000	-	95829960	95840796	0,0,255	4	87,95,192,90	0,290,8994,10746
hsa_circ_0008274	chr13:96485180-96489456|-	chr13:95832926-95837202|-	chr13	96485180	96489456	1000	-	96485180	96489456	0,0,255	2	127,117	0,4159
hsa_circ_0030763	chr13:100953713-100992513|+	chr13:100301459-100340259|+	chr13	100953713	100992513	1000	+	100953713	100992513	255,0,0	6	144,75,69,76,111,103	0,1464,5732,8373,29101,38697
hsa_circ_0030914	chr13:111857635-111885640|+	chr13:111205288-111233293|+	chr13	111857635	111885640	1000	+	111857635	111885640	255,0,0	4	85,131,202,89	0,4583,12390,27916
hsa_circ_0009141	chr13:111870025-111896641|+	chr13:111217678-111244294|+	chr13	111870025	111896641	1000	+	111870025	111896641	255,0,0	4	202,89,95,96	0,15526,26193,26520
hsa_circ_0031016	chr13:114149816-114157903|+	chr13:113495501-113503588|+	chr13	114149816	114157903	1000	+	114149896	114157903	255,0,0	5	524,180,192,129,93	0,2840,4456,6250,7994
hsa_circ_0031191	chr14:21870115-21871822|-	chr14:21401956-21403663|-	chr14	21870115	21871822	1000	-	21870115	21871822	0,0,255	4	180,168,196,211	0,379,1060,1496
hsa_circ_0000524	chr14:23378691-23380612|-	chr14:22909482-22911403|-	chr14	23378691	23380612	1000	-	23378691	23380602	0,0,255	2	113,76	0,1845
hsa_circ_0031482	chr14:31596990-31641328|-	chr14:31127784-31172122|-	chr14	31596990	31641328	1000	-	31596990	31641328	0,0,255	20	222,837,177,167,324,140,135,106,95,147,135,77,264,223,171,139,175,115,99,77	0,827,5453,5724,7087,7691,8746,12107,14073,16326,17022,20936,21112,22214,29055,29380,40513,41569,44076,44261
hsa_circ_0031584	chr14:32559707-32586493|+	chr14:32090501-32117287|+	chr14	32559707	32586493	1000	+	32559875	32586493	255,0,0	2	3885,148	0,26638
hsa_circ_0031749	chr14:39782543-39796226|+	chr14:39313339-39327022|+	chr14	39782543	39796226	1000	+	39782543	39796226	255,0,0	7	102,61,36,68,83,129,159	0,1399,2343,4604,5869,7588,13524
hsa_circ_0000532	chr14:45564423-45566208|+	chr14:45095220-45097005|+	chr14	45564423	45566208	1000	+	45564423	45566208	255,0,0	3	343,126,119	0,882,1666
hsa_circ_0031884	chr14:51374988-51387785|-	chr14:50908270-50921067|-	chr14	51374988	51387785	1000	-	51374988	51387785	0,0,255	14	67,135,208,142,59,148,102,115,164,147,93,144,83,112	0,550,1624,3459,3707,3885,4758,6430,7065,7554,8371,8691,12270,12685
hsa_circ_0032052	chr14:57740961-57747140|+	chr14:57274243-57280422|+	chr14	57740961	57747140	1000	+	57740961	57747140	255,0,0	2	646,228	0,5951
hsa_circ_0032261	chr14:67736417-67770316|+	chr14:67269700-67303599|+	chr14	67736417	67770316	1000	+	67745887	67770316	255,0,0	7	83,520,209,78,147,162,78	0,9317,22810,31688,32271,32709,33821
hsa_circ_0000545	chr14:68228082-68229536|-	chr14:67761365-67762819|-	chr14	68228082	68229536	1000	-	68228082	68229536	0,0,255	3	219,210,148	0,837,1306
hsa_circ_0002913	chr14:69356855-69360464|-	chr14:68890138-68893747|-	chr14	69356855	69360464	1000	-	69356855	69360464	0,0,255	3	148,231,93	0,1914,3516
hsa_circ_0001997	chr14:71511849-71524441|+	chr14:71045132-71057724|+	chr14	71511849	71524441	1000	+	71511849	71524441	255,0,0	7	151,142,178,109,130,59,216	0,1831,2674,5519,6750,10371,12376
hsa_circ_0008641	chr14:75016565-75022396|-	chr14:74549862-74555693|-	chr14	75016565	75022396	1000	-	75016565	75022396	0,0,255	5	103,287,207,171,191	0,1201,2324,3029,5640
hsa_circ_0007332	chr14:80963811-80997230|-	chr14:80497468-80530886|-	chr14	80963811	80997230	1000	-	80963821	80997230	0,0,255	4	114,109,114,78	0,7443,29401,33341
hsa_circ_0003164	chr14:89041036-89044484|+	chr14:88574692-88578140|+	chr14	89041036	89044484	1000	+	89041036	89044484	255,0,0	3	161,101,156	0,1147,3292
hsa_circ_0000567	chr14:99924615-99932150|-	chr14:99458278-99465813|-	chr14	99924615	99932150	1000	-	99924615	99932142	0,0,255	5	257,73,149,93,111	0,834,2913,5207,7424
hsa_circ_0003265	chr14:101403739-101415933|+	chr14:100937402-100949596|+	chr14	101403739	101415933	1000	+	101415933	101415933	255,0,0	1	12194	0
hsa_circ_0002553	chr14:102661274-102676199|+	chr14:102194937-102209862|+	chr14	102661274	102676199	1000	+	102661274	102676199	255,0,0	2	183,1260	0,13665
hsa_circ_0005791	chr14:104245081-104263855|-	chr14:103778744-103797518|-	chr14	104245081	104263855	1000	-	104245081	104263855	0,0,255	3	77,120,148	0,6050,18626
hsa_circ_0034296	chr15:30058468-30092905|-	chr15:29766265-29800702|-	chr15	30058468	30092905	1000	-	30058468	30092905	0,0,255	4	277,103,125,57	0,5798,6967,34380
hsa_circ_0008346	chr15:41648236-41669502|+	chr15:41356038-41377304|+	chr15	41648236	41669502	1000	+	41648236	41669502	255,0,0	6	102,110,188,158,117,109	0,2110,9363,15488,19673,21157
hsa_circ_0035269	chr15:51240216-51250991|+	chr15:50948019-50958794|+	chr15	51240216	51250991	1000	+	51240216	51250991	255,0,0	4	140,113,119,303	0,1806,2031,10472
hsa_circ_0035292	chr15:52161413-52194233|+	chr15:51869216-51902036|+	chr15	52161413	52194233	1000	+	52161413	52194233	255,0,0	7	157,123,90,131,108,144,145	0,18372,19839,24598,27202,30938,32675
hsa_circ_0008153	chr15:63845913-63855207|+	chr15:63553714-63563008|+	chr15	63845913	63855207	1000	+	63845913	63855207	255,0,0	5	84,82,83,114,114	0,2952,4391,6142,9180
hsa_circ_0035761	chr15:63966540-63981898|-	chr15:63674341-63689699|-	chr15	63966540	63981898	1000	-	63966540	63981898	0,0,255	6	776,521,84,240,177,111	0,3503,5735,6195,12017,15247
hsa_circ_0000620	chr15:67524151-67529158|-	chr15:67231813-67236820|-	chr15	67524151	67529158	1000	-	67524151	67529158	0,0,255	4	84,90,97,191	0,4165,4594,4816
hsa_circ_0006314	chr15:72810407-72837305|+	chr15:72518066-72544964|+	chr15	72810407	72837305	1000	+	72810407	72837305	255,0,0	2	68,145	0,26753
hsa_circ_0000633	chr15:74963795-74967483|-	chr15:74671454-74675142|-	chr15	74963795	74967483	1000	-	74963795	74967465	0,0,255	2	320,182	0,3506
hsa_circ_0036348	chr15:75699395-75705386|-	chr15:75407054-75413045|-	chr15	75699395	75705386	1000	-	75699395	75705386	0,0,255	5	90,156,153,252,283	0,2781,3079,4437,5708
hsa_circ_0036353	chr15:75703832-75705386|-	chr15:75411491-75413045|-	chr15	75703832	75705386	1000	-	75703832	75705386	0,0,255	2	252,283	0,1271
hsa_circ_0036354	chr15:75706545-75715164|-	chr15:75414204-75422823|-	chr15	75706545	75715164	1000	-	75706545	75715164	0,0,255	2	107,177	0,8442
hsa_circ_0000638	chr15:76566752-76588078|-	chr15:76274411-76295737|-	chr15	76566752	76588078	1000	-	76566752	76588078	0,0,255	8	83,69,102,111,100,83,82,147	0,9345,11225,11959,13434,18019,18207,21179
hsa_circ_0003620	chr15:76584771-76588078|-	chr15:76292430-76295737|-	chr15	76584771	76588078	1000	-	76584771	76588078	0,0,255	3	83,82,147	0,188,3160
hsa_circ_0036423	chr15:77471131-77474382|-	chr15:77178789-77182040|-	chr15	77471131	77474382	1000	-	77471131	77474268	0,0,255	1	3251	0
hsa_circ_0000643	chr15:80412669-80415142|+	chr15:80120327-80122800|+	chr15	80412669	80415142	1000	+	80412669	80415142	255,0,0	3	171,109,101	0,1384,2372
hsa_circ_0036997	chr15:93540186-93545547|+	chr15:92996956-93002317|+	chr15	93540186	93545547	1000	+	93540186	93545547	255,0,0	5	139,151,123,129,141	0,296,1542,3555,5220
hsa_circ_0037002	chr15:93543741-93558139|+	chr15:93000511-93014909|+	chr15	93543741	93558139	1000	+	93543741	93558139	255,0,0	6	129,141,135,179,100,214	0,1665,4105,8633,11833,14184
hsa_circ_0037563	chr16:2807472-2810500|+	chr16:2757471-2760499|+	chr16	2807472	2810500	1000	+	2807472	2810500	255,0,0	8	108,165,78,63,33,51,93,199	0,309,998,1513,1668,1880,2097,2829
hsa_circ_0007637	chr16:3900297-3901010|-	chr16:3850296-3851009|-	chr16	3900297	3901010	1000	-	3900297	3901010	0,0,255	1	713	0
hsa_circ_0038258	chr16:18846213-18856973|-	chr16:18834891-18845651|-	chr16	18846213	18856973	1000	-	18846213	18856973	0,0,255	11	273,280,173,191,219,110,139,249,230,247,223	0,1041,1468,2361,3122,3465,3659,4806,6673,7316,10537
hsa_circ_0005690	chr16:21973780-21987564|+	chr16:21962459-21976243|+	chr16	21973780	21987564	1000	+	21973780	21987564	255,0,0	8	57,125,98,58,96,200,81,77	0,301,2948,6168,9065,9463,11436,13707
hsa_circ_0005375	chr16:28743149-28743513|+	chr16:28731828-28732192|+	chr16	28743149	28743513	1000	+	28743149	28743513	255,0,0	1	364	0
hsa_circ_0003864	chr16:29845053-29847119|+	chr16:29833732-29835798|+	chr16	29845053	29847119	1000	+	29845053	29847119	255,0,0	3	124,132,95	0,202,1971
hsa_circ_0002500	chr16:46708225-46711310|-	chr16:46674313-46677398|-	chr16	46708225	46711310	1000	-	46708225	46711310	0,0,255	4	149,97,110,84	0,250,2269,3001
hsa_circ_0002820	chr16:47531309-47644831|+	chr16:47497398-47610920|+	chr16	47531309	47644831	1000	+	47531309	47644831	255,0,0	13	90,139,100,108,81,116,64,96,198,58,78,159,95	0,2357,5592,14266,18122,50034,82896,90269,91506,96101,96738,98974,113427
hsa_circ_0008558	chr16:48311248-48337216|+	chr16:48277337-48303305|+	chr16	48311248	48337216	1000	+	48311248	48337216	255,0,0	4	142,151,127,134	0,18677,22324,25834
hsa_circ_0004120	chr16:56419830-56448256|-	chr16:56385918-56414344|-	chr16	56419830	56448256	1000	-	56419830	56448256	0,0,255	9	104,191,111,134,133,41,153,165,93	0,3266,15814,17066,18990,19285,22045,23505,28333
hsa_circ_0006886	chr16:57197912-57207781|-	chr16:57164000-57173869|-	chr16	57197912	57207781	1000	-	57197912	57207766	0,0,255	5	65,134,122,99,142	0,3092,8250,8775,9727
hsa_circ_0039834	chr16:67478430-67487618|-	chr16:67444527-67453715|-	chr16	67478430	67487618	1000	-	67478430	67487618	0,0,255	2	179,172	0,9016
hsa_circ_0005615	chr16:68155889-68157024|+	chr16:68121986-68123121|+	chr16	68155889	68157024	1000	+	68155889	68157024	255,0,0	1	1135	0
hsa_circ_0039943	chr16:68300495-68300624|+	chr16:68266592-68266721|+	chr16	68300495	68300624	1000	+	68300624	68300624	255,0,0	1	129	0
hsa_circ_0007018	chr16:69189773-69201088|+	chr16:69155870-69167185|+	chr16	69189773	69201088	1000	+	69189773	69201088	255,0,0	6	123,157,107,96,186,111	0,1213,4485,7212,9470,11204
hsa_circ_0007963	chr16:72991325-72994093|-	chr16:72957426-72960194|-	chr16	72991325	72994093	1000	-	72991325	72994044	0,0,255	1	2768	0
hsa_circ_0000724	chr16:87782278-87795646|-	chr16:87748672-87762040|-	chr16	87782278	87795646	1000	-	87782278	87795646	0,0,255	4	137,99,79,92	0,6521,7726,13276
hsa_circ_0004566	chr16:89484691-89488713|-	chr16:89418283-89422305|-	chr16	89484691	89488713	1000	-	89488713	89488713	0,0,255	1	4022	0
hsa_circ_0006105	chr17:1257504-1265302|-	chr17:1354210-1362008|-	chr17	1257504	1265302	1000	-	1265302	1265302	0,0,255	3	137,207,107	0,6881,7691
hsa_circ_0004767	chr17:3969740-3976050|-	chr17:4066446-4072756|-	chr17	3969740	3976050	1000	-	3969740	3976050	0,0,255	4	94,80,241,149	0,716,4237,6161
hsa_circ_0003239	chr17:4186092-4200109|-	chr17:4282797-4296814|-	chr17	4186092	4200109	1000	-	4186129	4200109	0,0,255	3	124,179,98	0,6432,13919
hsa_circ_0041694	chr17:5292121-5302970|-	chr17:5388801-5399650|-	chr17	5292121	5302970	1000	-	5292121	5302970	0,0,255	4	159,102,91,99	0,2759,6089,10750
hsa_circ_0000740	chr17:5364258-5365866|-	chr17:5460938-5462546|-	chr17	5364258	5365866	1000	-	5364258	5365866	0,0,255	2	171,228	0,1380
hsa_circ_0004719	chr17:19861326-19861884|-	chr17:19958013-19958571|-	chr17	19861326	19861884	1000	-	19861326	19861884	0,0,255	1	558	0
hsa_circ_0000745	chr17:20107645-20109225|+	chr17:20204332-20205912|+	chr17	20107645	20109225	1000	+	20107645	20109225	255,0,0	1	1580	0
hsa_circ_0042472	chr17:20921254-20931987|-	chr17:21017941-21028674|-	chr17	20921254	20931987	1000	-	20921254	20931987	0,0,255	4	170,102,114,133	0,1142,3171,10600
hsa_circ_0005336	chr17:25630392-25638642|+	chr17:27303366-27311616|+	chr17	25630392	25638642	1000	+	25630392	25638642	255,0,0	6	269,132,101,173,114,108	0,1413,3415,5733,6694,8142
hsa_circ_0006686	chr17:26918715-26920084|-	chr17:28591697-28593066|-	chr17	26918715	26920084	1000	-	26918715	26920084	0,0,255	2	175,1085	0,284
hsa_circ_0007614	chr17:33310020-33310571|+	chr17:34983001-34983552|+	chr17	33310020	33310571	1000	+	33310024	33310571	255,0,0	1	551	0
hsa_circ_0004751	chr17:35310185-35311207|+	chr17:36952885-36953907|+	chr17	35310185	35311207	1000	+	35310185	35311207	255,0,0	2	411,138	0,884
hsa_circ_0043297	chr17:35936438-35945538|-	chr17:37576340-37585430|-	chr17	35936438	35945538	1000	-	35936438	35945538	0,0,255	4	78,234,112,106	0,1039,8317,8994
hsa_circ_0043379	chr17:36933939-36943173|-	chr17:38777686-38786920|-	chr17	36933939	36943173	1000	-	36933939	36943173	0,0,255	6	114,39,147,153,97,98	0,647,1696,2765,6556,9136
hsa_circ_0043892	chr17:40855757-40882936|-	chr17:42703739-42730918|-	chr17	40855757	40882936	1000	-	40855757	40880959	0,0,255	18	81,82,96,179,126,41,92,197,181,92,164,103,177,121,120,129,128,91	0,862,1348,2267,4218,5136,6106,8549,9469,14236,14714,15365,16533,19055,20565,23895,25085,27088
hsa_circ_0000779	chr17:45741524-45745776|+	chr17:47664158-47668410|+	chr17	45741524	45745776	1000	+	45741524	45745776	255,0,0	3	111,102,225	0,898,4027
hsa_circ_0000785	chr17:49057106-49064598|-	chr17:50979745-50987237|-	chr17	49057106	49064598	1000	-	49057106	49064598	0,0,255	5	172,149,68,81,126	0,2778,5177,5952,7366
hsa_circ_0004027	chr17:57842331-57851246|+	chr17:59764970-59773885|+	chr17	57842331	57851246	1000	+	57842331	57851246	255,0,0	2	168,132	0,8783
hsa_circ_0044964	chr17:58538023-58543820|-	chr17:60460662-60466459|-	chr17	58538023	58543820	1000	-	58538023	58543820	0,0,255	5	125,106,68,90,169	0,1147,1331,3358,5628
hsa_circ_0006690	chr17:61841375-61843554|-	chr17:63764015-63766194|-	chr17	61841375	61843554	1000	-	61841375	61843535	0,0,255	3	175,108,283	0,724,1896
hsa_circ_0006479	chr17:62289933-62291602|-	chr17:64212573-64214242|-	chr17	62289933	62291602	1000	-	62289933	62291577	0,0,255	1	1669	0
hsa_circ_0000798	chr17:65941524-65944422|+	chr17:67945408-67948306|+	chr17	65941524	65944422	1000	+	65941524	65944422	255,0,0	3	917,83,226	0,2317,2672
hsa_circ_0003684	chr17:73238416-73239651|-	chr17:75242335-75243570|-	chr17	73238416	73239651	1000	-	73239651	73239651	0,0,255	4	138,81,104,124	0,495,727,1111
hsa_circ_0046051	chr17:78599490-78617610|+	chr17:80625690-80643810|+	chr17	78599490	78617610	1000	+	78599490	78617610	255,0,0	2	103,83	0,18037
hsa_circ_0000816	chr17:80521229-80526077|+	chr17:82563353-82568201|+	chr17	80521229	80526077	1000	+	80521229	80526077	255,0,0	2	195,148	0,4700
hsa_circ_0046430	chr17:80521229-80545148|+	chr17:82563353-82587272|+	chr17	80521229	80545148	1000	+	80521229	80545148	255,0,0	7	195,148,147,194,176,297,210	0,4700,8370,19387,20659,22550,23709
hsa_circ_0005653	chr18:196636-204692|+	chr18:196636-204692|+	chr18	196636	204692	1000	+	196636	204692	255,0,0	7	131,81,86,115,66,93,129	0,979,1410,2565,6243,6461,7927
hsa_circ_0046681	chr18:683245-706578|-	chr18:683245-706578|-	chr18	683245	706578	1000	-	683245	706578	0,0,255	10	135,88,35,83,39,73,27,87,116,109	0,2675,5328,7303,7822,7958,10636,11002,13994,23224
hsa_circ_0007238	chr18:2951052-2960847|-	chr18:2951054-2960849|-	chr18	2951052	2960847	1000	-	2951052	2960838	0,0,255	3	302,96,201	0,3449,9594
hsa_circ_0004618	chr18:7949178-7955412|+	chr18:7949180-7955414|+	chr18	7949178	7955412	1000	+	7949178	7955412	255,0,0	2	175,294	0,5940
hsa_circ_0000830	chr18:12999419-13008630|+	chr18:12999420-13008631|+	chr18	12999419	13008630	1000	+	12999419	13008630	255,0,0	3	168,126,176	0,2036,9035
hsa_circ_0003979	chr18:13681603-13682104|-	chr18:13681604-13682105|-	chr18	13681603	13682104	1000	-	13681603	13682076	0,0,255	1	501	0
hsa_circ_0007765	chr18:39607406-39629569|+	chr18:42027442-42049605|+	chr18	39607406	39629569	1000	+	39607406	39629569	255,0,0	8	106,117,132,129,70,65,85,75	0,1882,6383,10249,11338,13234,16290,22088
hsa_circ_0047612	chr18:45394693-45423180|-	chr18:47868322-47896809|-	chr18	45394693	45423180	1000	-	45394693	45423127	0,0,255	4	135,194,90,289	0,920,2152,28198
hsa_circ_0047721	chr18:51797729-51813781|+	chr18:54271359-54287411|+	chr18	51797729	51813781	1000	+	51797729	51813781	255,0,0	7	126,165,153,237,179,92,131	0,2566,6343,9307,11477,12562,15921
hsa_circ_0047981	chr18:74561481-74672811|+	chr18:76849525-76960855|+	chr18	74561481	74672811	1000	+	74561481	74672811	255,0,0	29	143,165,179,125,173,144,204,229,273,204,142,261,254,102,152,104,152,213,283,104,366,146,241,180,188,132,198,130,177	0,2249,19159,22175,25966,28483,30587,31758,45487,49493,54854,55629,58794,60542,61134,62718,64221,66121,70250,73545,75663,77511,77751,78401,87630,97995,106459,110161,111153
hsa_circ_0002485	chr18:76856475-76886375|+	chr18:79096475-79126375|+	chr18	76856475	76886375	1000	+	76856475	76886375	255,0,0	4	174,151,114,109	0,13879,16765,29791
hsa_circ_0002661	chr19:3623685-3624160|-	chr19:3623687-3624162|-	chr19	3623685	3624160	1000	-	3623685	3624160	0,0,255	1	475	0
hsa_circ_0048607	chr19:4408899-4409756|+	chr19:4408902-4409759|+	chr19	4408899	4409756	1000	+	4408899	4409756	255,0,0	1	857	0
hsa_circ_0006240	chr19:4430545-4432204|+	chr19:4430548-4432207|+	chr19	4430545	4432204	1000	+	4430545	4432204	255,0,0	2	93,256	0,1403
hsa_circ_0006461	chr19:5039846-5041262|+	chr19:5039835-5041251|+	chr19	5039846	5041262	1000	+	5039846	5041262	255,0,0	2	176,115	0,1301
hsa_circ_0004720	chr19:5039846-5047680|+	chr19:5039835-5047669|+	chr19	5039846	5047680	1000	+	5039846	5047680	255,0,0	3	176,115,194	0,1301,7640
hsa_circ_0048713	chr19:5131086-5144913|+	chr19:5131075-5144902|+	chr19	5131086	5144913	1000	+	5131086	5144913	255,0,0	10	470,121,179,223,77,56,109,186,165,120	0,811,2807,4263,6186,6545,6886,12891,13172,13707
hsa_circ_0004594	chr19:6230580-6270770|-	chr19:6230569-6270759|-	chr19	6230580	6270770	1000	-	6230580	6270770	0,0,255	3	144,83,181	0,31658,40009
hsa_circ_0049072	chr19:8530207-8539128|+	chr19:8465323-8474244|+	chr19	8530207	8539128	1000	+	8530207	8539128	255,0,0	7	192,154,50,61,102,45,78	0,911,2211,3450,6002,8340,8843
hsa_circ_0049351	chr19:11018714-11019883|+	chr19:10908038-10909207|+	chr19	11018714	11019883	1000	+	11018714	11019883	255,0,0	2	107,105	0,1064
hsa_circ_0049353	chr19:11022859-11027453|+	chr19:10912183-10916777|+	chr19	11022859	11027453	1000	+	11022859	11027453	255,0,0	4	111,178,91,82	0,1693,4223,4512
hsa_circ_0000915	chr19:18650180-18650530|-	chr19:18539370-18539720|-	chr19	18650180	18650530	1000	-	18650180	18650530	0,0,255	2	89,170	0,180
hsa_circ_0005126	chr19:19675741-19680393|-	chr19:19564932-19569584|-	chr19	19675741	19680393	1000	-	19675741	19680393	0,0,255	2	157,136	0,4516
hsa_circ_0008030	chr19:34685382-34706566|+	chr19:34194477-34215661|+	chr19	34685382	34706566	1000	+	34685382	34706566	255,0,0	5	164,130,123,177,66	0,2156,14451,20646,21118
hsa_circ_0006186	chr19:34942885-34957919|+	chr19:34451980-34467014|+	chr19	34942885	34957919	1000	+	34942885	34957919	255,0,0	7	167,94,113,156,97,106,137	0,2279,2463,6788,8489,12045,14897
hsa_circ_0006670	chr19:38631823-38633350|+	chr19:38141183-38142710|+	chr19	38631823	38633350	1000	+	38631823	38633350	255,0,0	2	252,138	0,1389
hsa_circ_0051974	chr19:50360949-50363593|+	chr19:49857692-49860336|+	chr19	50360949	50363593	1000	+	50360949	50363536	255,0,0	6	90,74,58,105,198,69	0,211,364,856,2293,2575
hsa_circ_0008749	chr19:52579296-52592255|-	chr19:52076043-52089002|-	chr19	52579296	52592255	1000	-	52579296	52588054	0,0,255	4	129,127,92,66	0,914,8743,12893
hsa_circ_0052621	chr2:10928822-10930959|-	chr2:10788696-10790833|-	chr2	10928822	10930959	1000	-	10928822	10930959	0,0,255	4	73,85,141,115	0,200,1052,2022
hsa_circ_0052762	chr2:15564438-15651474|-	chr2:15424314-15511350|-	chr2	15564438	15651474	1000	-	15564438	15651474	0,0,255	14	154,84,137,105,79,141,152,126,258,194,64,129,69,139	0,3396,36886,37372,43014,43349,44067,48907,49752,51372,53911,64579,79830,86897
hsa_circ_0005952	chr2:20454623-20455931|-	chr2:20254862-20256170|-	chr2	20454623	20455931	1000	-	20454623	20455931	0,0,255	3	122,126,138	0,353,1170
hsa_circ_0001976	chr2:20507738-20518406|-	chr2:20307977-20318645|-	chr2	20507738	20518406	1000	-	20507738	20518406	0,0,255	5	94,271,170,188,109	0,336,3516,4258,10559
hsa_circ_0052867	chr2:20507738-20527139|-	chr2:20307977-20327378|-	chr2	20507738	20527139	1000	-	20507738	20527121	0,0,255	6	94,271,170,188,109,69	0,336,3516,4258,10559,19332
hsa_circ_0005968	chr2:24787163-24807429|+	chr2:24564294-24584560|+	chr2	24787163	24807429	1000	+	24807429	24807429	255,0,0	1	20266	0
hsa_circ_0053090	chr2:26597907-26606215|+	chr2:26375039-26383347|+	chr2	26597907	26606215	1000	+	26597907	26606215	255,0,0	2	109,49	0,8259
hsa_circ_0006330	chr2:36586046-36669878|+	chr2:36358903-36442735|+	chr2	36586046	36669878	1000	+	36623756	36669878	255,0,0	3	37884,243,121	0,82354,83711
hsa_circ_0005507	chr2:36605499-36623930|+	chr2:36378356-36396787|+	chr2	36605499	36623930	1000	+	36623756	36623930	255,0,0	1	18431	0
hsa_circ_0005579	chr2:36623756-36691798|+	chr2:36396613-36464655|+	chr2	36623756	36691798	1000	+	36623756	36691798	255,0,0	4	174,243,121,122	0,44644,46001,67920
hsa_circ_0002348	chr2:36623756-36706837|+	chr2:36396613-36479694|+	chr2	36623756	36706837	1000	+	36623756	36706837	255,0,0	6	174,243,121,122,183,198	0,44644,46001,67920,80275,82883
hsa_circ_0005539	chr2:44139570-44153100|-	chr2:43912431-43925961|-	chr2	44139570	44153100	1000	-	44139570	44153100	0,0,255	5	127,109,143,91,69	0,5593,5824,12635,13461
hsa_circ_0004916	chr2:44428324-44436466|+	chr2:44201185-44209327|+	chr2	44428324	44436466	1000	+	44428338	44436466	255,0,0	2	860,118	0,8024
hsa_circ_0006911	chr2:48725631-48738607|+	chr2:48498492-48511468|+	chr2	48725631	48738607	1000	+	48738607	48738607	255,0,0	5	243,33,117,99,129	0,7071,8776,11522,12847
hsa_circ_0005779	chr2:54122143-54128696|-	chr2:53895006-53901559|-	chr2	54122143	54128696	1000	-	54122143	54128696	0,0,255	7	70,154,82,130,54,137,210	0,576,1797,2863,3294,4874,6343
hsa_circ_0001009	chr2:58449076-58459247|-	chr2:58221941-58232112|-	chr2	58449076	58459247	1000	-	58449076	58459247	0,0,255	4	101,57,61,59	0,4786,7872,10112
hsa_circ_0054687	chr2:61014081-61019424|+	chr2:60786946-60792289|+	chr2	61014081	61019424	1000	+	61014081	61019424	255,0,0	4	120,110,122,161	0,564,4814,5182
hsa_circ_0001014	chr2:61340904-61345251|+	chr2:61113769-61118116|+	chr2	61340904	61345251	1000	+	61340904	61345251	255,0,0	4	2301,29,74,89	0,3587,3697,4258
hsa_circ_0054853	chr2:61709514-61717911|-	chr2:61482379-61490776|-	chr2	61709514	61717911	1000	-	61709514	61717911	0,0,255	7	160,135,169,195,107,184,135	0,577,1557,3388,5785,6208,8262
hsa_circ_0005050	chr2:61712902-61717911|-	chr2:61485767-61490776|-	chr2	61712902	61717911	1000	-	61712902	61717911	0,0,255	4	195,107,184,135	0,2397,2820,4874
hsa_circ_0007473	chr2:62100136-62110683|-	chr2:61873001-61883548|-	chr2	62100136	62110683	1000	-	62100136	62110683	0,0,255	8	111,97,140,133,122,143,109,90	0,195,3093,3918,4391,5867,7284,10457
hsa_circ_0054958	chr2:64189191-64211153|-	chr2:63962057-63984019|-	chr2	64189191	64211153	1000	-	64189191	64211133	0,0,255	6	386,132,35,79,242,156	0,3777,6899,10108,19588,21806
hsa_circ_0001021	chr2:64778576-64780543|+	chr2:64551442-64553409|+	chr2	64778576	64780543	1000	+	64778608	64780543	255,0,0	1	1967	0
hsa_circ_0001023	chr2:68717321-68772444|+	chr2:68490189-68545312|+	chr2	68717321	68772444	1000	+	68717321	68772444	255,0,0	7	72,173,148,133,182,356,126	0,12541,22890,23358,35871,47682,54997
hsa_circ_0055151	chr2:71623270-71645769|+	chr2:71396140-71418639|+	chr2	71623270	71645769	1000	+	71623270	71645769	255,0,0	11	51,72,87,69,41,132,129,42,135,126,38	0,2560,3418,3971,4337,5815,7729,9460,9987,11981,22461
hsa_circ_0009043	chr2:72945231-72960247|-	chr2:72718102-72733118|-	chr2	72945231	72960247	1000	-	72945231	72960247	0,0,255	4	205,46,91,48	0,12904,13052,14968
hsa_circ_0008440	chr2:75745181-75749613|-	chr2:75518055-75522487|-	chr2	75745181	75749613	1000	-	75745181	75745266	0,0,255	2	153,123	0,4309
hsa_circ_0001061	chr2:109455640-109473426|+	chr2:108839184-108856970|+	chr2	109455640	109473426	1000	+	109455640	109473426	255,0,0	3	117,193,177	0,7553,17609
hsa_circ_0002076	chr2:110321942-110350696|-	chr2:109564365-109593119|-	chr2	110321942	110350696	1000	-	110321942	110350696	0,0,255	7	169,97,162,187,196,118,69	0,1397,3449,10215,20760,21355,28685
hsa_circ_0008278	chr2:120885263-120932580|+	chr2:120127687-120175004|+	chr2	120885263	120932580	1000	+	120885263	120932483	255,0,0	9	164,98,129,65,94,75,42,131,164	0,3930,15315,18537,33193,37148,39778,40189,47153
hsa_circ_0008298	chr2:128922303-128928858|+	chr2:128164729-128171284|+	chr2	128922303	128928858	1000	+	128928858	128928858	255,0,0	3	96,103,80	0,5558,6475
hsa_circ_0056490	chr2:131883325-131897848|+	chr2:131125752-131140275|+	chr2	131883325	131897848	1000	+	131883325	131897848	255,0,0	5	153,103,40,90,109	0,931,4968,7149,14414
hsa_circ_0056577	chr2:136402948-136437894|+	chr2:135645378-135680324|+	chr2	136402948	136437894	1000	+	136402948	136437894	255,0,0	5	149,300,124,155,152	0,6354,15891,29953,34794
hsa_circ_0004491	chr2:148730307-148739650|-	chr2:147972738-147982081|-	chr2	148730307	148739650	1000	-	148730307	148733527	0,0,255	4	91,77,74,154	0,709,3163,9189
hsa_circ_0056841	chr2:160599571-160605414|+	chr2:159743060-159748903|+	chr2	160599571	160605414	1000	+	160599571	160605414	255,0,0	3	193,168,1099	0,2709,4744
hsa_circ_0007303	chr2:162223988-162251714|+	chr2:161367477-161395203|+	chr2	162223988	162251714	1000	+	162223988	162251714	255,0,0	7	72,120,71,151,108,75,126	0,306,2629,3694,17986,23626,27600
hsa_circ_0001078	chr2:168986050-169038600|-	chr2:168129540-168182090|-	chr2	168986050	169038600	1000	-	168986050	169038600	0,0,255	9	66,49,134,102,110,56,142,109,113	0,169,8547,10748,11108,32246,34198,37758,52437
hsa_circ_0001079	chr2:169018296-169038600|-	chr2:168161786-168182090|-	chr2	169018296	169038600	1000	-	169018296	169038600	0,0,255	4	56,142,109,113	0,1952,5512,20191
hsa_circ_0004813	chr2:171902683-171906684|-	chr2:171046173-171050174|-	chr2	171902683	171906684	1000	-	171902683	171906684	0,0,255	3	189,137,111	0,3640,3890
hsa_circ_0057041	chr2:172193962-172196064|-	chr2:171337452-171339554|-	chr2	172193962	172196064	1000	-	172193962	172196064	0,0,255	2	50,371	0,1731
hsa_circ_0057105	chr2:173433468-173460751|+	chr2:172568740-172596023|+	chr2	173433468	173460751	1000	+	173433468	173460697	255,0,0	5	77,99,111,114,195	0,1985,17537,24194,27088
hsa_circ_0057128	chr2:174783320-174820960|-	chr2:173918592-173956232|-	chr2	174783320	174820960	1000	-	174783320	174820960	0,0,255	2	193,1360	0,36280
hsa_circ_0057129	chr2:174987907-175006728|-	chr2:174123179-174142000|-	chr2	174987907	175006728	1000	-	174987907	175006728	0,0,255	3	98,81,176	0,415,18645
hsa_circ_0007967	chr2:175976295-175986268|-	chr2:175111567-175121540|-	chr2	175976295	175986268	1000	-	175976295	175986268	0,0,255	6	87,115,179,129,119,97	0,2426,3122,6422,6683,9876
hsa_circ_0057510	chr2:191523883-191535185|+	chr2:190659157-190670459|+	chr2	191523883	191535185	1000	+	191523902	191535185	255,0,0	2	838,134	0,11168
hsa_circ_0057551	chr2:196544755-196548630|+	chr2:195680031-195683906|+	chr2	196544755	196548630	1000	+	196544766	196548630	255,0,0	2	1019,208	0,3667
hsa_circ_0057690	chr2:200213423-200246543|-	chr2:199348700-199381820|-	chr2	200213423	200246543	1000	-	200213423	200246543	0,0,255	4	473,103,124,127	0,19904,31663,32993
hsa_circ_0003915	chr2:200233327-200298237|-	chr2:199368604-199433514|-	chr2	200233327	200298237	1000	-	200233327	200298237	0,0,255	4	103,124,127,177	0,11759,13089,64733
hsa_circ_0001093	chr2:202625603-202626541|-	chr2:201760880-201761818|-	chr2	202625603	202626541	1000	-	202625603	202626541	0,0,255	1	938	0
hsa_circ_0002431	chr2:206992520-206994966|-	chr2:206127796-206130242|-	chr2	206992520	206994966	1000	-	206992520	206994966	0,0,255	2	176,155	0,2291
hsa_circ_0001095	chr2:208841374-208842310|-	chr2:207976650-207977586|-	chr2	208841374	208842310	1000	-	208841374	208842310	0,0,255	1	936	0
hsa_circ_0002999	chr2:215617170-215661841|-	chr2:214752446-214797117|-	chr2	215617170	215661841	1000	-	215617170	215661841	0,0,255	6	109,173,81,950,149,57	0,15035,16785,28113,39850,44614
hsa_circ_0058055	chr2:215645283-215661841|-	chr2:214780559-214797117|-	chr2	215645283	215661841	1000	-	215645283	215661841	0,0,255	3	950,149,57	0,11737,16501
hsa_circ_0058244	chr2:219299248-219300157|+	chr2:218434525-218435434|+	chr2	219299248	219300157	1000	+	219299248	219300157	255,0,0	2	180,146	0,763
hsa_circ_0008309	chr2:225400244-225422573|-	chr2:224535527-224557856|-	chr2	225400244	225422573	1000	-	225400244	225422573	0,0,255	2	114,198	0,22131
hsa_circ_0058528	chr2:228395806-228401709|+	chr2:227531090-227536993|+	chr2	228395806	228401709	1000	+	228395806	228401709	255,0,0	6	120,72,210,181,80,93	0,1047,2458,3754,5534,5810
hsa_circ_0003273	chr2:230723487-230744844|-	chr2:229858771-229880128|-	chr2	230723487	230744844	1000	-	230723487	230744795	0,0,255	2	803,147	0,21210
hsa_circ_0008382	chr2:231222519-231226412|+	chr2:230357804-230361697|+	chr2	231222519	231226412	1000	+	231222519	231226412	255,0,0	3	163,169,84	0,1159,3809
hsa_circ_0001115	chr2:234358627-234360706|+	chr2:233449981-233452060|+	chr2	234358627	234360706	1000	+	234358627	234360706	255,0,0	3	150,129,97	0,940,1982
hsa_circ_0005003	chr2:236649606-236659132|+	chr2:235740962-235750488|+	chr2	236649606	236659132	1000	+	236649606	236659132	255,0,0	3	86,142,135	0,3735,9391
hsa_circ_0003272	chr2:236839408-236877267|+	chr2:235930764-235968623|+	chr2	236839408	236877267	1000	+	236839408	236877267	255,0,0	2	159,162	0,37697
hsa_circ_0001116	chr2:239090705-239093928|-	chr2:238182064-238185287|-	chr2	239090705	239093928	1000	-	239090705	239093928	0,0,255	4	122,88,94,107	0,1588,1955,3116
hsa_circ_0058876	chr2:239090705-239103511|-	chr2:238182064-238194870|-	chr2	239090705	239103511	1000	-	239090705	239103511	0,0,255	8	122,88,94,107,127,120,57,66	0,1588,1955,3116,6066,7788,12210,12740
hsa_circ_0001118	chr2:240929490-240946787|-	chr2:239990073-240007370|-	chr2	240929490	240946787	1000	-	240929490	240946787	0,0,255	3	109,86,55	0,15136,17242
hsa_circ_0001124	chr2:242644067-242651486|+	chr2:241704652-241712071|+	chr2	242644067	242651486	1000	+	242644067	242651486	255,0,0	4	72,167,112,94	0,4563,6724,7325
hsa_circ_0008156	chr20:3199162-3199640|+	chr20:3218516-3218994|+	chr20	3199162	3199640	1000	+	3199162	3199278	255,0,0	1	478	0
hsa_circ_0059501	chr20:17928129-17932239|-	chr20:17947485-17951595|-	chr20	17928129	17932239	1000	-	17928129	17932239	0,0,255	6	160,87,40,76,106,96	0,1404,1578,2646,2805,4014
hsa_circ_0001136	chr20:30954186-30956926|+	chr20:32366383-32369123|+	chr20	30954186	30956926	1000	+	30954186	30956926	255,0,0	2	83,112	0,2628
hsa_circ_0059957	chr20:33057852-33080402|+	chr20:34470047-34492597|+	chr20	33057852	33080402	1000	+	33057852	33080402	255,0,0	9	73,72,89,160,134,141,121,105,97	0,1396,7724,9582,10551,11018,19218,19774,22453
hsa_circ_0005587	chr20:34243123-34246936|-	chr20:35655201-35659014|-	chr20	34243123	34246936	1000	-	34246936	34246936	0,0,255	2	143,85	0,3728
hsa_circ_0007130	chr20:34430494-34446303|+	chr20:35842572-35858381|+	chr20	34430494	34446303	1000	+	34430494	34446303	255,0,0	3	172,85,80	0,4777,15729
hsa_circ_0007094	chr20:35288739-35299800|-	chr20:36660336-36671397|-	chr20	35288739	35299800	1000	-	35288739	35299800	0,0,255	5	48,52,66,104,57	0,4709,4899,5952,11004
hsa_circ_0005759	chr20:35812582-35812776|+	chr20:37184179-37184373|+	chr20	35812582	35812776	1000	+	35812582	35812776	255,0,0	1	194	0
hsa_circ_0001155	chr20:36694204-36694658|+	chr20:38065802-38066256|+	chr20	36694204	36694658	1000	+	36694204	36694658	255,0,0	1	454	0
hsa_circ_0060394	chr20:39830696-39833706|-	chr20:41202056-41205066|-	chr20	39830696	39833706	1000	-	39830696	39833556	0,0,255	1	3010	0
hsa_circ_0060456	chr20:42315491-42328684|+	chr20:43686851-43700044|+	chr20	42315491	42328684	1000	+	42315491	42328684	255,0,0	3	221,163,288	0,5305,12905
hsa_circ_0060461	chr20:42331129-42331543|+	chr20:43702489-43702903|+	chr20	42331129	42331543	1000	+	42331129	42331543	255,0,0	1	414	0
hsa_circ_0006332	chr20:42331129-42333998|+	chr20:43702489-43705358|+	chr20	42331129	42333998	1000	+	42331129	42333998	255,0,0	2	414,140	0,2729
hsa_circ_0060611	chr20:45891031-45912392|-	chr20:47262287-47283648|-	chr20	45891031	45912392	1000	-	45891031	45912392	0,0,255	4	141,482,116,78	0,14026,19814,21283
hsa_circ_0060664	chr20:47567859-47569421|+	chr20:48951322-48952884|+	chr20	47567859	47569421	1000	+	47567859	47569421	255,0,0	2	147,180	0,1382
hsa_circ_0060895	chr20:50273476-50292747|-	chr20:51656937-51676208|-	chr20	50273476	50292747	1000	-	50273476	50292747	0,0,255	5	213,113,143,161,77	0,13059,14177,17215,19194
hsa_circ_0008777	chr20:54956488-54961589|-	chr20:56381432-56386533|-	chr20	54956488	54961589	1000	-	54956488	54961589	0,0,255	4	139,192,55,277	0,1552,2837,4824
hsa_circ_0003456	chr20:60714130-60716000|-	chr20:62139074-62140944|-	chr20	60714130	60716000	1000	-	60714130	60716000	0,0,255	3	123,125,127	0,706,1743
hsa_circ_0061117	chr20:61292415-61296440|+	chr20:62661063-62665088|+	chr20	61292415	61296440	1000	+	61292415	61296440	255,0,0	2	112,155	0,3870
hsa_circ_0002805	chr20:62407030-62422143|-	chr20:63775677-63790790|-	chr20	62407030	62422143	1000	-	62407030	62422110	0,0,255	2	285,970	0,14143
hsa_circ_0005238	chr21:17205666-17214859|+	chr21:15833347-15842540|+	chr21	17205666	17214859	1000	+	17205666	17214859	255,0,0	2	201,143	0,9050
hsa_circ_0001181	chr21:30693541-30702014|+	chr21:29321220-29329693|+	chr21	30693541	30702014	1000	+	30693541	30702014	255,0,0	3	294,1335,207	0,4838,8266
hsa_circ_0002197	chr21:34906884-34911662|-	chr21:33534578-33539356|-	chr21	34906884	34911662	1000	-	34906884	34911621	0,0,255	3	175,96,186	0,646,4592
hsa_circ_0061671	chr21:38480691-38536517|+	chr21:37108391-37164215|+	chr21	38480691	38536517	1000	+	38480691	38536517	255,0,0	22	55,163,46,124,64,61,85,135,81,113,121,123,102,93,65,137,327,252,47,57,74,165	0,13425,14591,16227,17688,20611,24290,26988,30242,32169,36133,39089,40154,41686,42428,43501,44559,48265,51309,52412,53600,55661
hsa_circ_0061774	chr21:42598192-42629253|+	chr21:41226265-41257326|+	chr21	42598192	42629253	1000	+	42598192	42629253	255,0,0	7	89,217,129,135,102,150,169	0,11247,15553,17110,19696,24486,30892
hsa_circ_0061776	chr21:42609439-42629253|+	chr21:41237512-41257326|+	chr21	42609439	42629253	1000	+	42609439	42629253	255,0,0	6	217,129,135,102,150,169	0,4306,5863,8449,13239,19645
hsa_circ_0005037	chr21:46548316-46554747|+	chr21:45128401-45134832|+	chr21	46548316	46554747	1000	+	46554747	46554747	255,0,0	2	172,118	0,6313
hsa_circ_0009094	chr21:47722398-47738134|-	chr21:46302484-46318220|-	chr21	47722398	47738134	1000	-	47722398	47738134	0,0,255	6	92,112,165,74,61,209	0,8971,12231,12989,14723,15527
hsa_circ_0008870	chr22:22160138-22162135|-	chr22:21805849-21807846|-	chr22	22160138	22162135	1000	-	22160138	22162135	0,0,255	2	190,183	0,1814
hsa_circ_0007312	chr22:24698162-24709434|+	chr22:24302194-24313466|+	chr22	24698162	24709434	1000	+	24698199	24709434	255,0,0	2	190,154	0,11118
hsa_circ_0062601	chr22:24698162-24734445|+	chr22:24302194-24338477|+	chr22	24698162	24734445	1000	+	24698199	24734445	255,0,0	8	190,154,1631,208,74,176,164,92	0,11118,19093,22025,26651,28061,32215,36191
hsa_circ_0003102	chr22:25771779-25777545|-	chr22:25375812-25381578|-	chr22	25771779	25777545	1000	-	25777545	25777545	0,0,255	2	196,198	0,5568
hsa_circ_0062938	chr22:32154531-32161046|+	chr22:31758545-31765060|+	chr22	32154531	32161046	1000	+	32154531	32161046	255,0,0	3	88,47,86	0,2110,6429
hsa_circ_0003184	chr22:41531816-41536261|+	chr22:41135812-41140257|+	chr22	41531816	41536261	1000	+	41531816	41536261	255,0,0	3	94,138,118	0,1840,4327
hsa_circ_0063604	chr22:42204878-42206004|+	chr22:41808874-41810000|+	chr22	42204878	42206004	1000	+	42204894	42206004	255,0,0	2	119,122	0,1004
hsa_circ_0001238	chr22:42204878-42206295|+	chr22:41808874-41810291|+	chr22	42204878	42206295	1000	+	42204878	42206295	255,0,0	3	119,122,85	0,1004,1332
hsa_circ_0008561	chr22:42605656-42611347|-	chr22:42209650-42215341|-	chr22	42605656	42611347	1000	-	42605656	42611311	0,0,255	1	5691	0
hsa_circ_0004243	chr22:46085591-46098727|+	chr22:45689711-45702847|+	chr22	46085591	46098727	1000	+	46085591	46098727	255,0,0	4	192,83,97,159	0,3284,10570,12977
hsa_circ_0001246	chr22:46096161-46136418|+	chr22:45700281-45740538|+	chr22	46096161	46136418	1000	+	46096161	46136418	255,0,0	6	97,159,81,166,109,170	0,2407,18131,29143,38449,40087
hsa_circ_0001247	chr22:46125304-46136418|+	chr22:45729424-45740538|+	chr22	46125304	46136418	1000	+	46125304	46136418	255,0,0	3	166,109,170	0,9306,10944
hsa_circ_0001260	chr3:4452548-4461830|-	chr3:4410864-4420146|-	chr3	4452548	4461830	1000	-	4452548	4461830	0,0,255	4	114,115,123,83	0,6263,7145,9199
hsa_circ_0001264	chr3:8977554-8983488|-	chr3:8935870-8941804|-	chr3	8977554	8983488	1000	-	8977554	8983488	0,0,255	3	185,100,338	0,3683,5596
hsa_circ_0064220	chr3:10088263-10091189|+	chr3:10046579-10049505|+	chr3	10088263	10091189	1000	+	10088263	10091189	255,0,0	3	144,135,132	0,1337,2794
hsa_circ_0008210	chr3:11399891-11468400|+	chr3:11358417-11426926|+	chr3	11399891	11468400	1000	+	11399891	11468400	255,0,0	6	195,204,116,76,81,123	0,2163,4395,6241,21554,68386
hsa_circ_0064460	chr3:15073885-15076316|+	chr3:15032378-15034809|+	chr3	15073885	15076316	1000	+	15073885	15076316	255,0,0	2	122,140	0,2291
hsa_circ_0001273	chr3:16327848-16345099|+	chr3:16286341-16303592|+	chr3	16327848	16345099	1000	+	16327848	16345069	255,0,0	5	107,142,243,109,185	0,8514,15284,16298,17066
hsa_circ_0064624	chr3:27475406-27493989|-	chr3:27433915-27452498|-	chr3	27475406	27493989	1000	-	27475406	27493989	0,0,255	5	189,161,139,147,82	0,2472,3472,14735,18501
hsa_circ_0008386	chr3:37162982-37190529|-	chr3:37121491-37149038|-	chr3	37162982	37190529	1000	-	37162982	37190474	0,0,255	5	45,57,51,87,145	0,143,6138,7571,27402
hsa_circ_0002102	chr3:40502897-40503739|+	chr3:40461406-40462248|+	chr3	40502897	40503739	1000	+	40502897	40503723	255,0,0	3	100,54,310	0,201,532
hsa_circ_0065249	chr3:47663696-47719801|-	chr3:47622206-47678311|-	chr3	47663696	47719801	1000	-	47663696	47719801	0,0,255	10	135,155,115,56,162,259,60,114,154,114	0,12983,13815,16518,39087,40127,48451,53268,54422,55991
hsa_circ_0007485	chr3:51474985-51477919|-	chr3:51440969-51443903|-	chr3	51474985	51477919	1000	-	51474985	51477919	0,0,255	3	102,513,138	0,415,2796
hsa_circ_0001306	chr3:51575513-51586079|+	chr3:51541497-51552063|+	chr3	51575513	51586079	1000	+	51575513	51586079	255,0,0	1	10566	0
hsa_circ_0001309	chr3:52771601-52775515|-	chr3:52737585-52741499|-	chr3	52771601	52775515	1000	-	52771601	52775515	0,0,255	3	134,206,89	0,1843,3825
hsa_circ_0001314	chr3:56661064-56662642|-	chr3:56627036-56628614|-	chr3	56661064	56662642	1000	-	56661064	56662642	0,0,255	3	109,160,123	0,545,1455
hsa_circ_0001315	chr3:56694758-56707753|-	chr3:56660730-56673725|-	chr3	56694758	56707753	1000	-	56694758	56707753	0,0,255	10	104,104,106,32,125,162,92,73,93,146	0,183,1654,2810,5529,7666,8969,9342,10869,12849
hsa_circ_0008490	chr3:67546221-67571058|-	chr3:67495797-67520634|-	chr3	67546221	67571058	1000	-	67546221	67571058	0,0,255	5	143,162,97,90,153	0,2336,13009,22449,24684
hsa_circ_0006135	chr3:93714717-93722752|+	chr3:93995873-94003908|+	chr3	93714717	93722752	1000	+	93714717	93722752	255,0,0	2	71,250	0,7785
hsa_circ_0003179	chr3:101389973-101391057|-	chr3:101671129-101672213|-	chr3	101389973	101391057	1000	-	101389973	101391057	0,0,255	2	232,236	0,848
hsa_circ_0006163	chr3:113207791-113225452|-	chr3:113488944-113506605|-	chr3	113207791	113225452	1000	-	113207791	113225452	0,0,255	6	119,107,94,144,48,99	0,4261,5104,10494,14235,17562
hsa_circ_0007986	chr3:119582265-119595355|-	chr3:119863418-119876508|-	chr3	119582265	119595355	1000	-	119582265	119595355	0,0,255	3	187,39,96	0,3171,12994
hsa_circ_0008797	chr3:119582265-119624699|-	chr3:119863418-119905852|-	chr3	119582265	119624699	1000	-	119582265	119624699	0,0,255	4	187,39,96,98	0,3171,12994,42336
hsa_circ_0007157	chr3:119624601-119812440|-	chr3:119905754-120093593|-	chr3	119624601	119812440	1000	-	119624601	119812281	0,0,255	7	98,107,131,111,84,194,247	0,6949,10289,17618,41513,96291,187592
hsa_circ_0067098	chr3:124996569-125050082|-	chr3:125277725-125331238|-	chr3	124996569	125050082	1000	-	124996569	125032484	0,0,255	6	84,124,126,349,136,81	0,1398,10377,35582,45583,53432
hsa_circ_0004524	chr3:138289159-138291774|-	chr3:138570317-138572932|-	chr3	138289159	138291774	1000	-	138289159	138291769	0,0,255	4	181,124,91,74	0,716,948,2541
hsa_circ_0001345	chr3:142455220-142467302|+	chr3:142736378-142748460|+	chr3	142455220	142467302	1000	+	142455220	142467302	255,0,0	3	155,102,203	0,7106,11879
hsa_circ_0003502	chr3:149563797-149629870|+	chr3:149846010-149912083|+	chr3	149563797	149629870	1000	+	149563813	149629870	255,0,0	6	130,81,126,88,91,106	0,6505,26018,49462,56061,65967
hsa_circ_0001355	chr3:157839891-157841780|+	chr3:158122102-158123991|+	chr3	157839891	157841780	1000	+	157839891	157841780	255,0,0	2	196,126	0,1763
hsa_circ_0067808	chr3:157839891-157921034|+	chr3:158122102-158203245|+	chr3	157839891	157921034	1000	+	157839893	157921034	255,0,0	3	196,126,174	0,1763,80969
hsa_circ_0006893	chr3:169831147-169840532|-	chr3:170113359-170122744|-	chr3	169831147	169840532	1000	-	169831147	169840532	0,0,255	3	160,251,154	0,3866,9231
hsa_circ_0068174	chr3:183435438-183446639|+	chr3:183717650-183728851|+	chr3	183435438	183446639	1000	+	183435438	183446639	255,0,0	5	98,93,246,113,162	0,849,4240,6768,11039
hsa_circ_0007347	chr3:195047613-195066046|-	chr3:195326884-195345317|-	chr3	195047613	195066046	1000	-	195047613	195066046	0,0,255	5	75,96,45,184,59	0,6143,10047,15586,18374
hsa_circ_0008267	chr3:195415403-195416309|+	chr3:195688532-195689438|+	chr3	195415403	195416309	1000	+	195416309	195416309	255,0,0	1	906	0
hsa_circ_0001380	chr3:196118683-196129890|-	chr3:196391812-196403019|-	chr3	196118683	196129890	1000	-	196118683	196129890	0,0,255	3	113,66,68	0,1741,11139
hsa_circ_0068669	chr3:196612021-196613565|+	chr3:196885150-196886694|+	chr3	196612021	196613565	1000	+	196612052	196613565	255,0,0	1	1544	0
hsa_circ_0007203	chr3:196807921-196846401|-	chr3:197081050-197119530|-	chr3	196807921	196846401	1000	-	196807921	196846401	0,0,255	6	67,177,115,103,157,121	0,4529,9861,23852,34876,38359
hsa_circ_0008583	chr3:196817782-196846401|-	chr3:197090911-197119530|-	chr3	196817782	196846401	1000	-	196817782	196846401	0,0,255	4	115,103,157,121	0,13991,25015,28498
hsa_circ_0068699	chr3:196863412-196869639|-	chr3:197136541-197142768|-	chr3	196863412	196869639	1000	-	196863412	196869639	0,0,255	4	137,170,125,51	0,1680,3598,6176
hsa_circ_0008351	chr3:197592293-197602646|+	chr3:197865422-197875775|+	chr3	197592293	197602646	1000	+	197592293	197598342	255,0,0	4	49,108,119,4451	0,689,4737,5902
hsa_circ_0008150	chr4:1656704-1670632|-	chr4:1654977-1668905|-	chr4	1656704	1670632	1000	-	1656704	1670468	0,0,255	3	746,61,239	0,2430,13689
hsa_circ_0006737	chr4:2951660-2952972|-	chr4:2949933-2951245|-	chr4	2951660	2952972	1000	-	2951660	2952972	0,0,255	2	280,132	0,1180
hsa_circ_0068956	chr4:2951660-2955372|-	chr4:2949933-2953645|-	chr4	2951660	2955372	1000	-	2951660	2955372	0,0,255	4	280,132,123,135	0,1180,2341,3577
hsa_circ_0004228	chr4:5664833-5667376|-	chr4:5663106-5665649|-	chr4	5664833	5667376	1000	-	5664833	5667376	0,0,255	2	140,135	0,2408
hsa_circ_0069224	chr4:15008928-15034835|+	chr4:15007304-15033211|+	chr4	15008928	15034835	1000	+	15008928	15034835	255,0,0	4	282,90,91,51	0,1033,9883,25856
hsa_circ_0069226	chr4:15613888-15646331|-	chr4:15612265-15644708|-	chr4	15613888	15646331	1000	-	15646331	15646331	0,0,255	10	149,726,83,149,126,183,187,96,104,216	0,12986,14607,15619,18400,24228,26242,28522,29258,32227
hsa_circ_0069227	chr4:15626874-15646331|-	chr4:15625251-15644708|-	chr4	15626874	15646331	1000	-	15646331	15646331	0,0,255	9	726,83,149,126,183,187,96,104,216	0,1621,2633,5414,11242,13256,15536,16272,19241
hsa_circ_0069335	chr4:25128885-25160729|-	chr4:25127263-25159107|-	chr4	25128885	25160729	1000	-	25128885	25160729	0,0,255	8	94,92,130,103,154,159,119,155	0,17510,17740,24696,27734,28773,29592,31689
hsa_circ_0001398	chr4:25334804-25335610|+	chr4:25333182-25333988|+	chr4	25334804	25335610	1000	+	25334804	25335610	255,0,0	2	276,81	0,725
hsa_circ_0005991	chr4:41015599-41016415|-	chr4:41013582-41014398|-	chr4	41015599	41016415	1000	-	41015599	41016415	0,0,255	1	816	0
hsa_circ_0069645	chr4:47857075-47913011|-	chr4:47855058-47910994|-	chr4	47857075	47913011	1000	-	47857075	47913011	0,0,255	18	105,70,167,141,22,92,160,121,91,123,125,115,101,162,179,131,110,171	0,7787,20068,23466,24037,29287,30439,30820,35554,39121,41464,42908,43698,43900,44311,48134,50178,55765
hsa_circ_0069660	chr4:47896196-47913011|-	chr4:47894179-47910994|-	chr4	47896196	47913011	1000	-	47896196	47913011	0,0,255	9	123,125,115,101,162,179,131,110,171	0,2343,3787,4577,4779,5190,9013,11057,16644
hsa_circ_0001410	chr4:52729602-52744020|+	chr4:51863436-51877854|+	chr4	52729602	52744020	1000	+	52729602	52744020	255,0,0	4	71,40,115,92	0,233,10834,14326
hsa_circ_0007928	chr4:52729602-52752804|+	chr4:51863436-51886638|+	chr4	52729602	52752804	1000	+	52729602	52752804	255,0,0	5	71,40,115,92,71	0,233,10834,14326,23131
hsa_circ_0007646	chr4:52729602-52758017|+	chr4:51863436-51891851|+	chr4	52729602	52758017	1000	+	52729602	52758017	255,0,0	6	71,40,115,92,71,92	0,233,10834,14326,23131,28323
hsa_circ_0069763	chr4:55561677-55575705|+	chr4:54695511-54709539|+	chr4	55561677	55575705	1000	+	55561677	55575705	255,0,0	6	270,282,137,169,190,116	0,2772,4118,8212,11586,13912
hsa_circ_0006693	chr4:73944358-73958017|-	chr4:73078641-73092300|-	chr4	73944358	73958017	1000	-	73944358	73958017	0,0,255	3	249,198,1634	0,6607,12025
hsa_circ_0070272	chr4:84188738-84200267|-	chr4:83267585-83279114|-	chr4	84188738	84200267	1000	-	84188738	84200267	0,0,255	5	189,134,86,122,167	0,2274,4501,5910,11362
hsa_circ_0007263	chr4:87614739-87622954|+	chr4:86693586-86701801|+	chr4	87614739	87622954	1000	+	87614739	87622954	255,0,0	2	88,561	0,7654
hsa_circ_0002538	chr4:88116475-88116842|-	chr4:87195323-87195690|-	chr4	88116475	88116842	1000	-	88116475	88116691	0,0,255	1	367	0
hsa_circ_0070660	chr4:110580166-110585550|+	chr4:109659010-109664394|+	chr4	110580166	110585550	1000	+	110580166	110585550	255,0,0	3	76,171,105	0,1184,5279
hsa_circ_0070774	chr4:120166491-120194863|+	chr4:119245336-119273708|+	chr4	120166491	120194863	1000	+	120166491	120194863	255,0,0	12	93,135,114,83,106,147,150,163,153,147,739,77	0,3411,10909,11104,14483,15170,16378,21983,22931,24354,25959,28295
hsa_circ_0070949	chr4:129752887-129789128|+	chr4:128831732-128867973|+	chr4	129752887	129789128	1000	+	129752913	129789128	255,0,0	9	78,86,158,188,212,168,117,522,118	0,11220,14642,17247,20324,23897,25605,29971,36123
hsa_circ_0001445	chr4:144464661-144465125|+	chr4:143543508-143543972|+	chr4	144464661	144465125	1000	+	144464661	144465125	255,0,0	2	149,120	0,344
hsa_circ_0002293	chr4:146806829-146824367|-	chr4:145885677-145903215|-	chr4	146806829	146824367	1000	-	146806829	146824367	0,0,255	3	481,173,1050	0,6565,16488
hsa_circ_0005480	chr4:151023629-151023964|+	chr4:150102477-150102812|+	chr4	151023629	151023964	1000	+	151023964	151023964	255,0,0	1	335	0
hsa_circ_0001458	chr4:174169130-174169591|+	chr4:173247979-173248440|+	chr4	174169130	174169591	1000	+	174169130	174169591	255,0,0	1	461	0
hsa_circ_0001459	chr4:178274461-178274882|+	chr4:177353307-177353728|+	chr4	178274461	178274882	1000	+	178274461	178274882	255,0,0	1	421	0
hsa_circ_0001461	chr4:187627716-187630999|-	chr4:186706562-186709845|-	chr4	187627716	187630999	1000	-	187627716	187630981	0,0,255	1	3283	0
hsa_circ_0001466	chr5:6604250-6605521|-	chr5:6604137-6605408|-	chr5	6604250	6605521	1000	-	6604250	6605521	0,0,255	3	139,81,136	0,467,1135
hsa_circ_0002753	chr5:10213602-10224173|-	chr5:10213490-10224061|-	chr5	10213602	10224173	1000	-	10224173	10224173	0,0,255	1	10571	0
hsa_circ_0008697	chr5:14405956-14420130|+	chr5:14405847-14420021|+	chr5	14405956	14420130	1000	+	14405956	14420130	255,0,0	3	143,100,244	0,725,13930
hsa_circ_0072118	chr5:33546163-33596165|-	chr5:33546058-33596060|-	chr5	33546163	33596165	1000	-	33546163	33596165	0,0,255	6	144,177,153,1107,211,127	0,3148,14968,29995,42540,49875
hsa_circ_0072162	chr5:36953719-36986403|+	chr5:36953617-36986301|+	chr5	36953719	36986403	1000	+	36953798	36986403	255,0,0	9	143,166,128,100,152,161,97,627,1626	0,1854,4486,7866,8505,17258,18327,22158,31058
hsa_circ_0003548	chr5:40764615-40771965|-	chr5:40764513-40771863|-	chr5	40764615	40771965	1000	-	40764615	40771965	0,0,255	5	127,487,225,88,145	0,238,2952,4902,7205
hsa_circ_0001478	chr5:40764615-40777688|-	chr5:40764513-40777586|-	chr5	40764615	40777688	1000	-	40764615	40777688	0,0,255	8	127,487,225,88,145,45,94,142	0,238,2952,4902,7205,10414,10896,12931
hsa_circ_0072380	chr5:43161350-43162033|+	chr5:43161248-43161931|+	chr5	43161350	43162033	1000	+	43161350	43162033	255,0,0	2	358,223	0,460
hsa_circ_0008667	chr5:64466443-64492978|-	chr5:65170616-65197151|-	chr5	64466443	64492978	1000	-	64466443	64492978	0,0,255	4	157,177,205,130	0,2215,17399,26405
hsa_circ_0072711	chr5:65054393-65054653|+	chr5:65758566-65758826|+	chr5	65054393	65054653	1000	+	65054393	65054653	255,0,0	1	260	0
hsa_circ_0001495	chr5:68470703-68471364|+	chr5:69174876-69175537|+	chr5	68470703	68471364	1000	+	68470703	68471364	255,0,0	2	237,141	0,520
hsa_circ_0072780	chr5:68590619-68607031|-	chr5:69294792-69311204|-	chr5	68590619	68607031	1000	-	68590619	68607031	0,0,255	6	108,116,83,86,78,87	0,5219,9054,12024,13158,16325
hsa_circ_0007158	chr5:74109664-74137504|-	chr5:74813839-74841679|-	chr5	74109664	74137504	1000	-	74109664	74137501	0,0,255	5	180,172,86,100,135	0,20586,25125,26234,27705
hsa_circ_0006916	chr5:78734832-78752841|-	chr5:79439009-79457018|-	chr5	78734832	78752841	1000	-	78734832	78752841	0,0,255	4	140,93,132,157	0,8043,11980,17852
hsa_circ_0073177	chr5:80063751-80088663|+	chr5:80767932-80792844|+	chr5	80063751	80088663	1000	+	80063751	80088663	255,0,0	6	188,169,65,117,108,112	0,902,7761,10787,19632,24800
hsa_circ_0073371	chr5:93964515-93966448|+	chr5:94628810-94630743|+	chr5	93964515	93966448	1000	+	93964515	93966448	255,0,0	3	114,76,241	0,281,1692
hsa_circ_0005540	chr5:94204037-94248681|-	chr5:94868332-94912976|-	chr5	94204037	94248681	1000	-	94204037	94248681	0,0,255	9	120,75,102,103,103,94,187,131,171	0,2084,2539,2982,4806,20546,26316,40918,44473
hsa_circ_0008417	chr5:94244955-94259726|-	chr5:94909250-94924021|-	chr5	94244955	94259726	1000	-	94244955	94259726	0,0,255	4	131,171,78,60	0,3555,8645,14711
hsa_circ_0007444	chr5:95091099-95099324|+	chr5:95755395-95763620|+	chr5	95091099	95099324	1000	+	95091099	95099324	255,0,0	2	366,113	0,8112
hsa_circ_0001519	chr5:109049220-109065214|+	chr5:109713519-109729513|+	chr5	109049220	109065214	1000	+	109049220	109065214	255,0,0	3	255,145,172	0,2600,15822
hsa_circ_0003711	chr5:133494145-133509713|-	chr5:134158454-134174022|-	chr5	133494145	133509713	1000	-	133494145	133509713	0,0,255	4	141,144,74,97	0,2532,8715,15471
hsa_circ_0074082	chr5:137342678-137354835|-	chr5:138006989-138019146|-	chr5	137342678	137354835	1000	-	137342678	137354800	0,0,255	5	158,142,178,213,192	0,4018,4778,11312,11965
hsa_circ_0007235	chr5:137342678-137356886|-	chr5:138006989-138021197|-	chr5	137342678	137356886	1000	-	137342678	137354800	0,0,255	6	158,142,178,213,192,167	0,4018,4778,11312,11965,14041
hsa_circ_0074371	chr5:142434003-142437312|+	chr5:143054438-143057747|+	chr5	142434003	142437312	1000	+	142434003	142437312	255,0,0	3	88,59,106	0,1589,3203
hsa_circ_0008132	chr5:145144493-145205763|-	chr5:145764930-145826200|-	chr5	145144493	145205763	1000	-	145144503	145202685	0,0,255	6	70,106,161,74,58,203	0,31511,52963,55014,58146,61067
hsa_circ_0006528	chr5:145197456-145205763|-	chr5:145817893-145826200|-	chr5	145197456	145205763	1000	-	145197456	145202685	0,0,255	4	161,74,58,203	0,2051,5183,8104
hsa_circ_0074670	chr5:151166132-151180430|+	chr5:151786571-151800869|+	chr5	151166132	151180430	1000	+	151166181	151180430	255,0,0	10	144,82,174,91,97,202,102,112,129,110	0,3751,4317,7587,8907,10655,12640,13317,13646,14188
hsa_circ_0074828	chr5:158621723-158630664|-	chr5:159194715-159203656|-	chr5	158621723	158630664	1000	-	158621723	158630625	0,0,255	2	109,223	0,8718
hsa_circ_0001550	chr5:167915606-167921655|+	chr5:168488601-168494650|+	chr5	167915606	167921655	1000	+	167915606	167921655	255,0,0	4	135,189,109,101	0,4057,5292,5948
hsa_circ_0075161	chr5:176636636-176639196|+	chr5:177209635-177212195|+	chr5	176636636	176639196	1000	+	176636636	176639196	255,0,0	1	2560	0
hsa_circ_0007932	chr5:177053436-177059739|-	chr5:177626435-177632738|-	chr5	177053436	177059739	1000	-	177059739	177059739	0,0,255	3	70,233,1373	0,946,4930
hsa_circ_0075436	chr6:592468-599225|-	chr6:592468-599225|-	chr6	592468	599225	1000	-	592468	599225	0,0,255	4	119,103,82,146	0,5552,6391,6611
hsa_circ_0007429	chr6:7181356-7189555|+	chr6:7181123-7189322|+	chr6	7181356	7189555	1000	+	7182144	7189555	255,0,0	4	123,213,90,164	0,746,6310,8035
hsa_circ_0001574	chr6:7602855-7606428|+	chr6:7602622-7606195|+	chr6	7602855	7606428	1000	+	7602855	7606428	255,0,0	3	122,89,165	0,2775,3408
hsa_circ_0007218	chr6:13579682-13584457|+	chr6:13579450-13584225|+	chr6	13579682	13584457	1000	+	13584342	13584457	255,0,0	2	159,150	0,4625
hsa_circ_0001578	chr6:13639794-13644961|-	chr6:13639562-13644729|-	chr6	13639794	13644961	1000	-	13639794	13644961	0,0,255	4	191,109,113,185	0,1636,2916,4982
hsa_circ_0075723	chr6:17648037-17649531|-	chr6:17647806-17649300|-	chr6	17648037	17649531	1000	-	17648037	17649531	0,0,255	2	99,138	0,1356
hsa_circ_0075734	chr6:17665469-17676001|-	chr6:17665238-17675770|-	chr6	17665469	17676001	1000	-	17665469	17676001	0,0,255	7	147,54,45,117,129,140,249	0,3736,4054,4191,9666,9990,10283
hsa_circ_0001580	chr6:18160113-18166609|+	chr6:18159882-18166378|+	chr6	18160113	18166609	1000	+	18160113	18166609	255,0,0	4	100,128,90,112	0,1444,2952,6384
hsa_circ_0075796	chr6:18236682-18258636|-	chr6:18236451-18258405|-	chr6	18236682	18258636	1000	-	18236682	18258636	0,0,255	7	149,136,189,121,95,110,102	0,929,13199,19279,19909,21501,21852
hsa_circ_0077078	chr6:76331247-76344527|+	chr6:75621531-75634811|+	chr6	76331247	76344527	1000	+	76331247	76344527	255,0,0	4	94,61,146,105	0,2368,12049,13175
hsa_circ_0001614	chr6:76412360-76412788|+	chr6:75702644-75703072|+	chr6	76412360	76412788	1000	+	76412360	76412788	255,0,0	1	428	0
hsa_circ_0001615	chr6:79752559-79770535|-	chr6:79042842-79060818|-	chr6	79752559	79770535	1000	-	79752559	79770535	0,0,255	3	161,99,151	0,17635,17825
hsa_circ_0008236	chr6:83667030-83754378|-	chr6:82957311-83044659|-	chr6	83667030	83754378	1000	-	83667030	83754378	0,0,255	6	139,164,109,70,70,232	0,61661,65141,66657,81104,87116
hsa_circ_0077216	chr6:84055891-84117620|-	chr6:83346172-83407901|-	chr6	84055891	84117620	1000	-	84055891	84117620	0,0,255	4	162,76,150,134	0,5891,52194,61595
hsa_circ_0001617	chr6:86267693-86284096|-	chr6:85557975-85574378|-	chr6	86267693	86284096	1000	-	86267693	86284096	0,0,255	6	85,88,44,79,77,121	0,7356,9558,14161,14322,16282
hsa_circ_0006993	chr6:105192034-105198347|-	chr6:104744159-104750472|-	chr6	105192034	105198347	1000	-	105192034	105198347	0,0,255	3	71,99,132	0,352,6181
hsa_circ_0006404	chr6:108984657-108986092|+	chr6:108663454-108664889|+	chr6	108984657	108986092	1000	+	108984657	108986058	255,0,0	1	1435	0
hsa_circ_0001640	chr6:131276244-131277639|-	chr6:130955104-130956499|-	chr6	131276244	131277639	1000	-	131276244	131277625	0,0,255	2	213,506	0,889
hsa_circ_0004826	chr6:144808683-144814592|+	chr6:144487547-144493456|+	chr6	144808683	144814592	1000	+	144808683	144814592	255,0,0	5	150,162,129,174,156	0,1125,2523,3381,5753
hsa_circ_0004327	chr6:144808683-144832259|+	chr6:144487547-144511123|+	chr6	144808683	144832259	1000	+	144808683	144832259	255,0,0	7	150,162,129,174,156,171,180	0,1125,2523,3381,5753,11709,23396
hsa_circ_0001647	chr6:144858717-144860579|+	chr6:144537581-144539443|+	chr6	144858717	144860579	1000	+	144858717	144860579	255,0,0	2	136,150	0,1712
hsa_circ_0078226	chr6:149997395-150016357|-	chr6:149676259-149695221|-	chr6	149997395	150016357	1000	-	149997395	150016357	0,0,255	5	107,183,583,1514,148	0,295,3615,6819,18814
hsa_circ_0007771	chr6:150147399-150174296|-	chr6:149826263-149853160|-	chr6	150147399	150174296	1000	-	150147399	150174296	0,0,255	5	96,213,126,142,158	0,9821,11074,16719,26739
hsa_circ_0078299	chr6:151669845-151674887|+	chr6:151348710-151353752|+	chr6	151669845	151674887	1000	+	151669845	151674875	255,0,0	1	5042	0
hsa_circ_0078328	chr6:152650864-152653025|-	chr6:152329729-152331890|-	chr6	152650864	152653025	1000	-	152650864	152653025	0,0,255	1	2161	0
hsa_circ_0002163	chr6:158922709-158925210|+	chr6:158501677-158504178|+	chr6	158922709	158925210	1000	+	158922709	158925210	255,0,0	1	2501	0
hsa_circ_0078619	chr6:161469647-161471011|+	chr6:161048615-161049979|+	chr6	161469647	161471011	1000	+	161469647	161471011	255,0,0	1	1364	0
hsa_circ_0079136	chr7:1937835-1976533|-	chr7:1898199-1936897|-	chr7	1937835	1976533	1000	-	1937835	1976533	0,0,255	2	191,211	0,38487
hsa_circ_0004869	chr7:2400344-2404164|+	chr7:2360709-2364529|+	chr7	2400344	2404164	1000	+	2400344	2404164	255,0,0	5	193,120,58,129,158	0,1935,2360,2922,3662
hsa_circ_0006824	chr7:5413685-5417655|-	chr7:5374054-5378024|-	chr7	5413685	5417655	1000	-	5413685	5417655	0,0,255	5	430,191,147,206,103	0,1979,2792,3316,3867
hsa_circ_0001674	chr7:6472467-6476164|-	chr7:6432836-6436533|-	chr7	6472467	6476164	1000	-	6472467	6476164	0,0,255	3	123,259,172	0,1925,3525
hsa_circ_0001971	chr7:23015828-23023664|-	chr7:22976209-22984045|-	chr7	23015828	23023664	1000	-	23015828	23023664	0,0,255	5	96,116,81,180,102	0,483,1131,2059,7734
hsa_circ_0001685	chr7:24663284-24690331|+	chr7:24623665-24650712|+	chr7	24663284	24690331	1000	+	24663284	24690331	255,0,0	4	119,153,153,228	0,18050,25946,26819
hsa_circ_0001686	chr7:24663284-24708279|+	chr7:24623665-24668660|+	chr7	24663284	24708279	1000	+	24663284	24708279	255,0,0	8	119,153,153,228,132,100,69,162	0,18050,25946,26819,39924,41922,42355,44833
hsa_circ_0006773	chr7:27668989-27689252|-	chr7:27629370-27649633|-	chr7	27668989	27689252	1000	-	27668989	27689252	0,0,255	3	122,110,161	0,2965,20102
hsa_circ_0079929	chr7:40027197-40027857|+	chr7:39987598-39988258|+	chr7	40027197	40027857	1000	+	40027197	40027857	255,0,0	1	660	0
hsa_circ_0080085	chr7:44838346-44839473|+	chr7:44798747-44799874|+	chr7	44838346	44839473	1000	+	44838845	44839473	255,0,0	3	530,89,173	0,644,954
hsa_circ_0080103	chr7:45077851-45104245|+	chr7:45038252-45064646|+	chr7	45077851	45104245	1000	+	45077851	45104245	255,0,0	3	174,84,184	0,25665,26210
hsa_circ_0080209	chr7:50737418-50771605|-	chr7:50669721-50703908|-	chr7	50737418	50771605	1000	-	50737418	50742320	0,0,255	3	142,223,88	0,4714,34099
hsa_circ_0001709	chr7:56049902-56051561|+	chr7:55982209-55983868|+	chr7	56049902	56051561	1000	+	56049902	56051561	255,0,0	2	71,141	0,1518
hsa_circ_0002566	chr7:64004084-64004810|-	chr7:64543706-64544432|-	chr7	64004084	64004810	1000	-	64004084	64004810	0,0,255	2	96,127	0,599
hsa_circ_0005592	chr7:66273872-66275834|+	chr7:66808885-66810847|+	chr7	66273872	66275834	1000	+	66273872	66274271	255,0,0	1	1962	0
hsa_circ_0003261	chr7:72361165-72361649|+	chr7:72890626-72891110|+	chr7	72361165	72361649	1000	+	72361649	72361649	255,0,0	2	127,178	0,306
hsa_circ_0002714	chr7:80418621-80435074|-	chr7:80789305-80805758|-	chr7	80418621	80435074	1000	-	80418621	80435074	0,0,255	6	223,145,70,115,143,120	0,8786,11451,13359,14800,16333
hsa_circ_0080941	chr7:82763565-82764972|-	chr7:83134249-83135656|-	chr7	82763565	82764972	1000	-	82763565	82764972	0,0,255	1	1407	0
hsa_circ_0080981	chr7:90376995-90492584|+	chr7:90747680-90863269|+	chr7	90376995	90492584	1000	+	90376995	90492584	255,0,0	3	95,80,95	0,42892,115494
hsa_circ_0001725	chr7:97820039-97823884|+	chr7:98190727-98194572|+	chr7	97820039	97823884	1000	+	97820039	97823884	255,0,0	2	150,2959	0,886
hsa_circ_0001726	chr7:99090662-99092254|-	chr7:99493039-99494631|-	chr7	99090662	99092254	1000	-	99090662	99092254	0,0,255	1	1592	0
hsa_circ_0005925	chr7:99952765-99953427|+	chr7:100355142-100355804|+	chr7	99952765	99953427	1000	+	99953427	99953427	255,0,0	1	662	0
hsa_circ_0081534	chr7:100417178-100417918|-	chr7:100819556-100820296|-	chr7	100417178	100417918	1000	-	100417178	100417918	0,0,255	2	333,156	0,584
hsa_circ_0081829	chr7:104782454-104787105|-	chr7:105142007-105146658|-	chr7	104782454	104787105	1000	-	104782454	104787105	0,0,255	4	483,247,26,166	0,1076,3275,4485
hsa_circ_0081840	chr7:105099614-105135700|-	chr7:105459167-105495253|-	chr7	105099614	105135700	1000	-	105099614	105135700	0,0,255	10	92,130,102,127,161,62,126,129,78,112	0,3453,6145,9169,11520,12964,21884,23144,32372,35974
hsa_circ_0003655	chr7:127344892-127361454|+	chr7:127704838-127721400|+	chr7	127344892	127361454	1000	+	127344892	127361454	255,0,0	3	107,91,114	0,2718,16448
hsa_circ_0001741	chr7:128655032-128658211|-	chr7:129014978-129018157|-	chr7	128655032	128658211	1000	-	128655032	128658211	0,0,255	3	157,74,201	0,2004,2978
hsa_circ_0001746	chr7:131060182-131084192|+	chr7:131375423-131399433|+	chr7	131060182	131084192	1000	+	131060182	131084192	255,0,0	5	70,143,89,110,193	0,11696,13460,21843,23817
hsa_circ_0001747	chr7:131071878-131084192|+	chr7:131387119-131399433|+	chr7	131071878	131084192	1000	+	131071878	131084192	255,0,0	4	143,89,110,193	0,1764,10147,12121
hsa_circ_0004069	chr7:140055467-140058585|-	chr7:140355667-140358785|-	chr7	140055467	140058585	1000	-	140055467	140058585	0,0,255	2	97,146	0,2972
hsa_circ_0006357	chr7:148543561-148544397|-	chr7:148846469-148847305|-	chr7	148543561	148544397	1000	-	148543561	148544390	0,0,255	2	129,124	0,712
hsa_circ_0003027	chr7:150814181-150815719|+	chr7:151117094-151118632|+	chr7	150814181	150815719	1000	+	150814181	150815719	255,0,0	5	88,86,142,135,128	0,276,541,1115,1410
hsa_circ_0002094	chr7:155499553-155511137|+	chr7:155706859-155718443|+	chr7	155499553	155511137	1000	+	155499553	155511137	255,0,0	3	209,253,59	0,4343,11525
hsa_circ_0003511	chr7:156549086-156619438|-	chr7:156756392-156826744|-	chr7	156549086	156619438	1000	-	156549086	156619438	0,0,255	6	73,65,69,127,104,140	0,5741,6715,7276,39996,70212
hsa_circ_0005939	chr7:156619298-156629579|-	chr7:156826604-156836885|-	chr7	156619298	156629579	1000	-	156619298	156629579	0,0,255	3	140,40,73	0,7148,10208
hsa_circ_0001776	chr7:158552176-158557544|-	chr7:158759485-158764853|-	chr7	158552176	158557544	1000	-	158552176	158557544	0,0,255	5	96,90,49,83,177	0,572,2010,3597,5191
hsa_circ_0083265	chr8:1824736-1857636|+	chr8:1876570-1909470|+	chr8	1824736	1857636	1000	+	1824736	1857636	255,0,0	11	164,117,115,107,78,180,117,93,171,146,176	0,3477,6064,9030,16998,17822,19762,21862,26710,29000,32724
hsa_circ_0084007	chr8:38282026-38315052|-	chr8:38424508-38457534|-	chr8	38282026	38315052	1000	-	38282026	38297890	0,0,255	7	191,124,173,90,267,68,179	0,1613,3412,3837,5173,15797,32847
hsa_circ_0084089	chr8:41832221-41845081|-	chr8:41974703-41987563|-	chr8	41832221	41845081	1000	-	41832221	41845081	0,0,255	6	119,320,136,82,116,109	0,2304,3938,6142,7135,12751
hsa_circ_0084327	chr8:48752576-48766775|-	chr8:47840015-47854214|-	chr8	48752576	48766775	1000	-	48752576	48766775	0,0,255	5	174,150,125,112,132	0,9138,9363,12657,14067
hsa_circ_0001801	chr8:52773404-52773806|-	chr8:51860844-51861246|-	chr8	52773404	52773806	1000	-	52773404	52773711	0,0,255	1	402	0
hsa_circ_0084582	chr8:61653817-61655656|+	chr8:60741258-60743097|+	chr8	61653817	61655656	1000	+	61653991	61655656	255,0,0	1	1839	0
hsa_circ_0084620	chr8:64098705-64100303|+	chr8:63186146-63187745|+	chr8	64098705	64100303	1000	+	64098705	64100303	255,0,0	1	1598	0
hsa_circ_0005883	chr8:67504674-67514758|-	chr8:66592439-66602523|-	chr8	67504674	67514758	1000	-	67504674	67514758	0,0,255	7	105,75,175,221,93,72,106	0,680,3143,4890,6610,9258,9978
hsa_circ_0003388	chr8:68044185-68049838|+	chr8:67131950-67137603|+	chr8	68044185	68049838	1000	+	68044185	68049838	255,0,0	2	130,148	0,5505
hsa_circ_0005934	chr8:99718694-99735197|-	chr8:98706466-98722969|-	chr8	99718694	99735197	1000	-	99718694	99719539	0,0,255	2	168,15823	0,680
hsa_circ_0085045	chr8:99718694-99761618|-	chr8:98706466-98749390|-	chr8	99718694	99761618	1000	-	99718694	99761618	0,0,255	3	168,165,115	0,680,42809
hsa_circ_0005962	chr8:101936182-101937267|-	chr8:100923954-100925039|-	chr8	101936182	101937267	1000	-	101936182	101937267	0,0,255	3	96,164,124	0,180,961
hsa_circ_0005231	chr8:117668094-117671219|-	chr8:116655855-116658980|-	chr8	117668094	117671219	1000	-	117668094	117671219	0,0,255	3	150,100,168	0,1359,2957
hsa_circ_0008934	chr8:131164981-131193126|-	chr8:130152735-130180880|-	chr8	131164981	131193126	1000	-	131164981	131193126	0,0,255	6	70,101,87,76,86,130	0,7128,14800,16256,26528,28015
hsa_circ_0007209	chr8:135612678-135622898|-	chr8:134600435-134610655|-	chr8	135612678	135622898	1000	-	135612678	135622898	0,0,255	4	233,1457,151,186	0,1041,8293,10034
hsa_circ_0005273	chr8:141710989-141716304|-	chr8:140700890-140706205|-	chr8	141710989	141716304	1000	-	141710989	141716304	0,0,255	3	132,138,87	0,1679,5228
hsa_circ_0005982	chr8:141828375-141900868|-	chr8:140818276-140890769|-	chr8	141828375	141900868	1000	-	141828375	141900836	0,0,255	8	78,141,55,63,80,88,167,227	0,603,12195,27983,28322,46035,61194,72266
hsa_circ_0006060	chr8:143425326-143427253|-	chr8:142343965-142345892|-	chr8	143425326	143427253	1000	-	143425326	143427253	0,0,255	2	507,150	0,1777
hsa_circ_0008678	chr9:20923658-20933102|+	chr9:20923659-20933103|+	chr9	20923658	20933102	1000	+	20923658	20933102	255,0,0	4	109,117,239,90	0,2641,5698,9354
hsa_circ_0008574	chr9:22046749-22056386|+	chr9:22046750-22056387|+	chr9	22046749	22056386	1000	+	22056386	22056386	255,0,0	3	150,123,136	0,2355,9501
hsa_circ_0007367	chr9:33948371-33956144|-	chr9:33948373-33956146|-	chr9	33948371	33956144	1000	-	33948371	33956144	0,0,255	3	214,190,68	0,4911,7705
hsa_circ_0001851	chr9:33971648-33973235|-	chr9:33971650-33973237|-	chr9	33971648	33973235	1000	-	33971648	33973235	0,0,255	2	104,55	0,1532
hsa_circ_0086735	chr9:33986757-34017187|-	chr9:33986759-34017189|-	chr9	33986757	34017187	1000	-	33986757	34017146	0,0,255	5	78,154,111,78,140	0,2213,9463,12027,30290
hsa_circ_0008518	chr9:35295692-35313986|+	chr9:35295695-35313989|+	chr9	35295692	35313986	1000	+	35295692	35313986	255,0,0	3	235,315,91	0,14771,18203
hsa_circ_0007812	chr9:36197547-36204176|+	chr9:36197550-36204179|+	chr9	36197547	36204176	1000	+	36197547	36204176	255,0,0	3	38,118,112	0,1428,6517
hsa_circ_0087016	chr9:36351111-36390613|-	chr9:36351114-36390616|-	chr9	36351111	36390613	1000	-	36351111	36376037	0,0,255	8	85,107,162,171,168,214,194,150	0,1627,2055,5188,6660,18604,24819,39352
hsa_circ_0087220	chr9:77611362-77632364|-	chr9:74996446-75017448|-	chr9	77611362	77632364	1000	-	77611362	77632364	0,0,255	5	114,179,141,164,196	0,2151,3283,19821,20806
hsa_circ_0004189	chr9:77631183-77632364|-	chr9:75016267-75017448|-	chr9	77631183	77632364	1000	-	77631183	77632364	0,0,255	2	164,196	0,985
hsa_circ_0001865	chr9:86292641-86293514|-	chr9:83677726-83678599|-	chr9	86292641	86293514	1000	-	86292641	86293514	0,0,255	2	235,159	0,714
hsa_circ_0006466	chr9:86292641-86297981|-	chr9:83677726-83683066|-	chr9	86292641	86297981	1000	-	86292641	86297981	0,0,255	4	235,159,263,116	0,714,2048,5224
hsa_circ_0087357	chr9:86293355-86301070|-	chr9:83678440-83686155|-	chr9	86293355	86301070	1000	-	86293355	86301070	0,0,255	4	159,263,116,152	0,1334,4510,7563
hsa_circ_0008207	chr9:86294689-86301070|-	chr9:83679774-83686155|-	chr9	86294689	86301070	1000	-	86294689	86301070	0,0,255	3	263,116,152	0,3176,6229
hsa_circ_0087385	chr9:88200377-88211364|-	chr9:85585462-85596449|-	chr9	88200377	88211364	1000	-	88200377	88211364	0,0,255	6	132,130,181,154,145,88	0,1368,2835,4065,7097,10899
hsa_circ_0001868	chr9:88233897-88248289|-	chr9:85618982-85633374|-	chr9	88233897	88248289	1000	-	88233897	88248289	0,0,255	4	149,87,84,713	0,232,2219,13679
hsa_circ_0087483	chr9:95009658-95014167|-	chr9:92247376-92251885|-	chr9	95009658	95014167	1000	-	95009658	95014167	0,0,255	5	175,84,103,122,78	0,2481,2810,3336,4431
hsa_circ_0006702	chr9:95018961-95032265|-	chr9:92256679-92269983|-	chr9	95018961	95032265	1000	-	95018961	95032265	0,0,255	8	121,145,84,87,195,74,127,99	0,2174,3471,6289,8249,8800,11494,13205
hsa_circ_0008367	chr9:95030455-95032265|-	chr9:92268173-92269983|-	chr9	95030455	95032265	1000	-	95030455	95032265	0,0,255	2	127,99	0,1711
hsa_circ_0008193	chr9:96233422-96238620|+	chr9:93471140-93476338|+	chr9	96233422	96238620	1000	+	96233422	96238620	255,0,0	2	247,83	0,5115
hsa_circ_0001888	chr9:125932180-125946577|-	chr9:123169901-123184298|-	chr9	125932180	125946577	1000	-	125932180	125941467	0,0,255	5	145,166,221,108,167	0,3775,9105,10966,14230
hsa_circ_0088737	chr9:130931330-130943078|-	chr9:128169051-128180799|-	chr9	130931330	130943078	1000	-	130931330	130943078	0,0,255	10	150,114,88,125,198,122,196,343,109,79	0,354,968,7299,8514,9317,9657,10021,11363,11669
hsa_circ_0089195	chr9:134305476-134314448|+	chr9:131430089-131439061|+	chr9	134305476	134314448	1000	+	134305531	134314448	255,0,0	4	170,178,103,73	0,2527,6530,8899
hsa_circ_0089489	chr9:138741982-138758382|-	chr9:135850136-135866536|-	chr9	138741982	138758382	1000	-	138741982	138758382	0,0,255	4	97,140,142,81	0,185,12330,16319
hsa_circ_0089728	chr9:140648622-140657272|+	chr9:137754170-137762820|+	chr9	140648622	140657272	1000	+	140648622	140657272	255,0,0	3	121,132,146	0,3709,8504
hsa_circ_0001906	chr9:140705912-140712590|+	chr9:137811460-137818138|+	chr9	140705912	140712590	1000	+	140705912	140712590	255,0,0	7	155,168,145,78,116,87,79	0,1545,1925,2970,4486,5978,6599
hsa_circ_0007718	chrX:10491131-10535643|-	chrX:10523091-10567603|-	chrX	10491131	10535643	1000	-	10491131	10535587	0,0,255	2	96,716	0,43796
hsa_circ_0007933	chrX:10534927-10535643|-	chrX:10566887-10567603|-	chrX	10534927	10535643	1000	-	10534927	10535587	0,0,255	1	716	0
hsa_circ_0090031	chrX:19475030-19482524|-	chrX:19456912-19464406|-	chrX	19475030	19482524	1000	-	19475030	19482524	0,0,255	3	107,169,194	0,3072,7300
hsa_circ_0090739	chrX:53588716-53589205|-	chrX:53561755-53562244|-	chrX	53588716	53589205	1000	-	53588716	53589205	0,0,255	2	169,134	0,355
hsa_circ_0002724	chrX:53672262-53707139|-	chrX:53645310-53680186|-	chrX	53672262	53707139	1000	-	53672262	53681051	0,0,255	5	153,207,99,69,138	0,2048,2892,8744,34739
hsa_circ_0091483	chrX:128674720-128722240|+	chrX:129540743-129588263|+	chrX	128674720	128722240	1000	+	128674720	128722240	255,0,0	20	80,80,39,111,90,121,162,102,115,117,188,112,110,136,111,166,236,24,117,85	0,4214,7819,16581,17117,17889,18096,19806,20435,21640,21855,25028,26510,28520,34396,35153,35573,43600,46258,47435
hsa_circ_0001946	chrX:139865339-139866824|+	chrX:140783174-140784659|+	chrX	139865339	139866824	1000	+	139865339	139866824	255,0,0	1	1485	0
hsa_circ_0091683	chrX:149867667-149905920|+	chrX:150699194-150737448|+	chrX	149867667	149905920	1000	+	149867667	149905920	255,0,0	10	106,76,95,108,102,84,150,189,186,207	0,19429,28019,28488,30913,31329,32274,33346,37399,38046
hsa_circ_0007100	chrX:153996576-153997585|+	chrX:154768301-154769310|+	chrX	153996576	153997585	1000	+	153996576	153997585	255,0,0	2	131,144	0,865
